1 0.685417 0.320312 0.672917 0.329688 0.668750 0.396875 0.662500 0.417187 0.654167 0.426563 0.631250 0.440625 0.614583 0.470313 0.604167 0.482812 0.593750 0.489063 0.593750 0.496875 0.625000 0.543750 0.627083 0.507812 0.637500 0.478125 0.637500 0.465625 0.641667 0.459375 0.652083 0.462500 0.658333 0.456250 0.672917 0.485938 0.672917 0.514062 0.691667 0.559375 0.739583 0.559375 0.752083 0.556250 0.737500 0.548438 0.725000 0.537500 0.708333 0.470313 0.708333 0.429688 0.731250 0.414062 0.731250 0.376563 0.725000 0.339062 0.695833 0.321875 0.685417 0.320312 0.637500 0.192188 0.637500 0.228125 0.627083 0.235937 0.627083 0.239063 0.629167 0.240625 0.631250 0.248438 0.639583 0.254688 0.639583 0.257812 0.641667 0.259375 0.641667 0.260937 0.639583 0.262500 0.637500 0.262500 0.637500 0.264062 0.639583 0.265625 0.641667 0.265625 0.654167 0.275000 0.656250 0.275000 0.670833 0.284375 0.677083 0.285938 0.681250 0.289062 0.687500 0.290625 0.691667 0.293750 0.702083 0.296875 0.706250 0.300000 0.708333 0.300000 0.710417 0.301563 0.716667 0.303125 0.720833 0.306250 0.727083 0.307812 0.727083 0.301563 0.729167 0.300000 0.729167 0.295312 0.727083 0.293750 0.727083 0.290625 0.725000 0.289062 0.720833 0.281250 0.704167 0.268750 0.702083 0.268750 0.697917 0.265625 0.697917 0.262500 0.700000 0.260937 0.700000 0.254688 0.702083 0.253125 0.702083 0.250000 0.704167 0.248438 0.704167 0.243750 0.706250 0.242188 0.706250 0.226562 0.704167 0.225000 0.704167 0.221875 0.702083 0.220312 0.702083 0.217188 0.700000 0.215625 0.700000 0.214062 0.677083 0.196875 0.675000 0.196875 0.664583 0.190625 0.643750 0.190625 0.641667 0.192188 0.637500 0.192188
1 0.779167 0.351562 0.779167 0.353125 0.781250 0.354687 0.781250 0.356250 0.779167 0.357812 0.772917 0.357812 0.772917 0.365625 0.791667 0.365625 0.791667 0.359375 0.793750 0.357812 0.793750 0.351562 0.779167 0.351562 0.770833 0.279687 0.770833 0.282813 0.768750 0.284375 0.768750 0.287500 0.766667 0.289062 0.766667 0.293750 0.764583 0.295312 0.764583 0.296875 0.762500 0.298438 0.762500 0.301563 0.760417 0.303125 0.760417 0.304688 0.758333 0.306250 0.758333 0.307812 0.756250 0.309375 0.756250 0.318750 0.758333 0.320312 0.758333 0.323437 0.760417 0.323437 0.762500 0.321875 0.772917 0.321875 0.775000 0.320312 0.783333 0.320312 0.785417 0.321875 0.787500 0.321875 0.789583 0.323437 0.791667 0.323437 0.793750 0.325000 0.795833 0.325000 0.797917 0.326562 0.800000 0.325000 0.804167 0.325000 0.806250 0.323437 0.810417 0.323437 0.810417 0.307812 0.808333 0.307812 0.804167 0.304688 0.802083 0.304688 0.795833 0.300000 0.795833 0.298438 0.770833 0.279687 0.760417 0.250000 0.758333 0.251563 0.766667 0.257812 0.766667 0.259375 0.785417 0.273438 0.785417 0.275000 0.806250 0.290625 0.806250 0.271875 0.808333 0.270313 0.820833 0.279687 0.822917 0.279687 0.825000 0.281250 0.827083 0.279687 0.827083 0.278125 0.829167 0.276562 0.829167 0.275000 0.831250 0.273438 0.829167 0.271875 0.829167 0.270313 0.820833 0.264062 0.820833 0.262500 0.810417 0.254688 0.810417 0.253125 0.808333 0.251563 0.806250 0.251563 0.804167 0.250000 0.802083 0.250000 0.800000 0.248438 0.795833 0.248438 0.791667 0.245312 0.791667 0.240625 0.789583 0.240625 0.787500 0.242188 0.785417 0.242188 0.783333 0.243750 0.779167 0.243750 0.777083 0.245312 0.775000 0.245312 0.772917 0.246875 0.770833 0.246875 0.768750 0.248438 0.764583 0.248438 0.762500 0.250000 0.760417 0.250000 0.787500 0.217188 0.783333 0.217188 0.781250 0.215625 0.777083 0.215625 0.775000 0.214062 0.772917 0.215625 0.770833 0.215625 0.768750 0.217188 0.764583 0.217188 0.762500 0.218750 0.762500 0.221875 0.760417 0.223438 0.760417 0.225000 0.758333 0.226562 0.760417 0.225000 0.762500 0.225000 0.764583 0.223438 0.768750 0.223438 0.770833 0.221875 0.772917 0.221875 0.775000 0.220312 0.777083 0.220312 0.779167 0.218750 0.783333 0.218750 0.785417 0.217188 0.787500 0.217188
1 0.483333 0.173437 0.489583 0.200000 0.489583 0.278125 0.479167 0.340625 0.489583 0.373437 0.537500 0.379688 0.545833 0.387500 0.535417 0.404687 0.533333 0.426563 0.497917 0.450000 0.431250 0.478125 0.393750 0.456250 0.345833 0.456250 0.402083 0.518750 0.441667 0.507812 0.527083 0.459375 0.531250 0.487500 0.560417 0.520312 0.579167 0.575000 0.600000 0.592187 0.645833 0.589063 0.627083 0.526563 0.625000 0.545312 0.591667 0.489063 0.612500 0.470313 0.629167 0.440625 0.660417 0.417187 0.672917 0.326562 0.685417 0.318750 0.695833 0.320312 0.758333 0.364063 0.779167 0.356250 0.779167 0.350000 0.793750 0.350000 0.795833 0.354687 0.808333 0.351562 0.820833 0.331250 0.762500 0.329688 0.697917 0.306250 0.583333 0.234375 0.587500 0.203125 0.572917 0.182812 0.533333 0.168750 0.483333 0.173437
1 0.362500 0.126562 0.352083 0.131250 0.352083 0.154688 0.370833 0.167187 0.370833 0.206250 0.366667 0.209375 0.356250 0.212500 0.343750 0.218750 0.343750 0.223438 0.347917 0.231250 0.331250 0.243750 0.352083 0.243750 0.370833 0.234375 0.375000 0.235937 0.377083 0.251563 0.379167 0.253125 0.377083 0.254688 0.377083 0.275000 0.375000 0.276562 0.375000 0.284375 0.377083 0.285938 0.377083 0.295312 0.379167 0.295312 0.414583 0.267188 0.418750 0.260937 0.439583 0.240625 0.437500 0.237500 0.437500 0.204687 0.435417 0.203125 0.435417 0.190625 0.429167 0.181250 0.429167 0.178125 0.422917 0.168750 0.418750 0.157812 0.412500 0.151562 0.393750 0.139063 0.385417 0.129688 0.381250 0.128125 0.366667 0.128125 0.362500 0.126562
1 0.306250 0.232813 0.297917 0.237500 0.295833 0.237500 0.291667 0.243750 0.293750 0.245312 0.293750 0.251563 0.300000 0.257812 0.300000 0.259375 0.302083 0.260937 0.308333 0.260937 0.314583 0.264062 0.314583 0.309375 0.308333 0.318750 0.308333 0.321875 0.304167 0.326562 0.304167 0.329688 0.300000 0.334375 0.300000 0.337500 0.295833 0.342187 0.295833 0.345313 0.289583 0.351562 0.285417 0.351562 0.283333 0.357812 0.302083 0.357812 0.304167 0.359375 0.314583 0.359375 0.316667 0.353125 0.322917 0.345313 0.322917 0.342187 0.329167 0.334375 0.329167 0.331250 0.335417 0.323437 0.341667 0.328125 0.352083 0.342187 0.356250 0.337500 0.356250 0.334375 0.362500 0.325000 0.362500 0.317188 0.360417 0.315625 0.360417 0.307812 0.358333 0.306250 0.358333 0.298438 0.356250 0.296875 0.356250 0.290625 0.354167 0.289062 0.354167 0.284375 0.352083 0.282813 0.350000 0.268750 0.329167 0.254688 0.329167 0.250000 0.327083 0.248438 0.327083 0.235937 0.325000 0.234375 0.318750 0.234375 0.316667 0.232813 0.306250 0.232813
1 0.470833 0.187500 0.460417 0.187500 0.456250 0.190625 0.456250 0.192188 0.454167 0.193750 0.454167 0.195312 0.452083 0.196875 0.452083 0.198437 0.450000 0.200000 0.450000 0.201563 0.447917 0.203125 0.447917 0.209375 0.445833 0.210938 0.445833 0.228125 0.447917 0.229687 0.447917 0.232813 0.452083 0.229687 0.454167 0.229687 0.458333 0.226562 0.460417 0.226562 0.464583 0.223438 0.466667 0.223438 0.472917 0.218750 0.475000 0.218750 0.479167 0.215625 0.481250 0.215625 0.485417 0.212500 0.485417 0.209375 0.483333 0.207813 0.483333 0.201563 0.481250 0.200000 0.481250 0.195312 0.470833 0.187500
1 0.633333 0.112500 0.614583 0.112500 0.612500 0.114062 0.606250 0.115625 0.602083 0.118750 0.602083 0.126562 0.600000 0.128125 0.600000 0.134375 0.577083 0.143750 0.577083 0.145313 0.572917 0.150000 0.570833 0.157812 0.568750 0.159375 0.568750 0.160938 0.566667 0.162500 0.566667 0.165625 0.564583 0.167187 0.564583 0.170313 0.566667 0.171875 0.570833 0.179688 0.575000 0.182812 0.583333 0.196875 0.587500 0.200000 0.587500 0.201563 0.591667 0.204687 0.591667 0.206250 0.595833 0.209375 0.595833 0.210938 0.600000 0.214062 0.600000 0.215625 0.604167 0.218750 0.604167 0.220312 0.608333 0.223438 0.608333 0.225000 0.612500 0.228125 0.612500 0.229687 0.616667 0.232813 0.616667 0.234375 0.620833 0.237500 0.620833 0.239063 0.635417 0.228125 0.635417 0.187500 0.633333 0.185938 0.633333 0.179688 0.631250 0.178125 0.631250 0.171875 0.629167 0.170313 0.629167 0.164062 0.627083 0.162500 0.627083 0.156250 0.625000 0.154688 0.629167 0.146875 0.633333 0.143750 0.633333 0.142187 0.639583 0.135937 0.639583 0.134375 0.637500 0.132812 0.637500 0.125000 0.635417 0.123438 0.635417 0.115625 0.633333 0.114062 0.633333 0.112500
1 0.250000 0.328125 0.241667 0.321875 0.241667 0.320312 0.239583 0.318750 0.237500 0.318750 0.235417 0.317188 0.233333 0.317188 0.231250 0.315625 0.229167 0.315625 0.227083 0.314063 0.225000 0.314063 0.222917 0.312500 0.220833 0.312500 0.218750 0.310937 0.212500 0.309375 0.214583 0.310937 0.208333 0.314063 0.193750 0.314063 0.191667 0.315625 0.177083 0.315625 0.175000 0.317188 0.168750 0.317188 0.166667 0.315625 0.166667 0.312500 0.160417 0.312500 0.158333 0.314063 0.147917 0.314063 0.145833 0.315625 0.143750 0.315625 0.137500 0.318750 0.137500 0.328125 0.133333 0.331250 0.135417 0.332813 0.135417 0.334375 0.139583 0.337500 0.141667 0.342187 0.145833 0.342187 0.147917 0.343750 0.152083 0.343750 0.154167 0.345313 0.158333 0.345313 0.160417 0.346875 0.164583 0.346875 0.168750 0.350000 0.168750 0.364063 0.250000 0.364063 0.250000 0.328125
1 0.935417 0.267188 0.935417 0.268750 0.920833 0.278125 0.916667 0.278125 0.914583 0.279687 0.893750 0.279687 0.889583 0.284375 0.889583 0.289062 0.891667 0.290625 0.887500 0.293750 0.885417 0.293750 0.885417 0.303125 0.889583 0.303125 0.891667 0.304688 0.908333 0.304688 0.920833 0.295312 0.920833 0.293750 0.925000 0.290625 0.925000 0.289062 0.929167 0.285938 0.935417 0.278125 0.937500 0.279687 0.939583 0.290625 0.943750 0.296875 0.929167 0.304688 0.916667 0.309375 0.910417 0.314063 0.908333 0.318750 0.912500 0.321875 0.918750 0.331250 0.925000 0.335938 0.927083 0.335938 0.935417 0.343750 0.931250 0.357812 0.935417 0.360938 0.941667 0.368750 0.960417 0.368750 0.960417 0.362500 0.958333 0.360938 0.958333 0.346875 0.956250 0.345313 0.956250 0.340625 0.952083 0.334375 0.952083 0.329688 0.975000 0.303125 0.972917 0.301563 0.970833 0.293750 0.966667 0.287500 0.962500 0.284375 0.960417 0.279687 0.935417 0.267188 0.945833 0.217188 0.937500 0.223438 0.937500 0.225000 0.933333 0.228125 0.933333 0.229687 0.931250 0.231250 0.931250 0.232813 0.933333 0.234375 0.933333 0.237500 0.937500 0.240625 0.939583 0.240625 0.956250 0.253125 0.958333 0.253125 0.972917 0.264062 0.970833 0.262500 0.970833 0.259375 0.968750 0.257812 0.968750 0.254688 0.966667 0.253125 0.966667 0.250000 0.964583 0.248438 0.964583 0.245312 0.962500 0.243750 0.964583 0.242188 0.964583 0.240625 0.966667 0.239063 0.966667 0.237500 0.968750 0.235937 0.968750 0.229687 0.966667 0.228125 0.966667 0.225000 0.964583 0.223438 0.964583 0.220312 0.960417 0.217188 0.945833 0.217188
1 0.158333 0.215625 0.156250 0.217188 0.147917 0.217188 0.145833 0.218750 0.145833 0.226562 0.143750 0.228125 0.147917 0.231250 0.147917 0.232813 0.150000 0.234375 0.150000 0.237500 0.143750 0.242188 0.141667 0.242188 0.137500 0.245312 0.135417 0.245312 0.135417 0.253125 0.137500 0.254688 0.137500 0.259375 0.139583 0.260937 0.139583 0.265625 0.141667 0.267188 0.141667 0.271875 0.143750 0.273438 0.143750 0.278125 0.145833 0.279687 0.145833 0.282813 0.147917 0.284375 0.147917 0.285938 0.152083 0.290625 0.154167 0.290625 0.156250 0.289062 0.158333 0.289062 0.162500 0.292187 0.162500 0.295312 0.164583 0.296875 0.164583 0.301563 0.166667 0.303125 0.166667 0.306250 0.168750 0.307812 0.168750 0.312500 0.172917 0.312500 0.172917 0.304688 0.170833 0.303125 0.170833 0.290625 0.172917 0.289062 0.172917 0.278125 0.170833 0.276562 0.170833 0.273438 0.168750 0.271875 0.168750 0.268750 0.166667 0.267188 0.166667 0.265625 0.168750 0.264062 0.168750 0.259375 0.170833 0.257812 0.170833 0.245312 0.166667 0.242188 0.164583 0.242188 0.158333 0.237500 0.164583 0.232813 0.164583 0.223438 0.162500 0.221875 0.162500 0.218750 0.160417 0.217188 0.160417 0.215625 0.158333 0.215625
1 0.000000 0.215625 0.000000 0.326562 0.008333 0.331250 0.008333 0.332813 0.006250 0.334375 0.006250 0.343750 0.008333 0.345313 0.008333 0.354687 0.010417 0.356250 0.010417 0.357812 0.014583 0.357812 0.016667 0.359375 0.018750 0.359375 0.025000 0.356250 0.020833 0.353125 0.020833 0.351562 0.022917 0.350000 0.022917 0.345313 0.025000 0.343750 0.022917 0.342187 0.022917 0.335938 0.025000 0.334375 0.025000 0.323437 0.022917 0.321875 0.022917 0.293750 0.035417 0.284375 0.035417 0.278125 0.037500 0.276562 0.037500 0.273438 0.035417 0.271875 0.025000 0.254688 0.016667 0.248438 0.016667 0.246875 0.014583 0.245312 0.014583 0.221875 0.010417 0.217188 0.008333 0.217188 0.006250 0.215625 0.000000 0.215625
1 0.202083 0.214062 0.195833 0.218750 0.195833 0.220312 0.191667 0.223438 0.191667 0.225000 0.189583 0.226562 0.189583 0.231250 0.191667 0.231250 0.193750 0.232813 0.193750 0.235937 0.195833 0.237500 0.191667 0.240625 0.187500 0.240625 0.183333 0.243750 0.181250 0.243750 0.177083 0.246875 0.177083 0.250000 0.175000 0.251563 0.175000 0.262500 0.172917 0.264062 0.172917 0.276562 0.175000 0.278125 0.175000 0.289062 0.172917 0.290625 0.172917 0.303125 0.175000 0.304688 0.175000 0.312500 0.172917 0.314063 0.168750 0.314063 0.168750 0.315625 0.175000 0.315625 0.177083 0.314063 0.191667 0.314063 0.193750 0.312500 0.208333 0.312500 0.210417 0.310937 0.212500 0.310937 0.210417 0.309375 0.210417 0.306250 0.212500 0.304688 0.212500 0.296875 0.214583 0.295312 0.214583 0.287500 0.216667 0.285938 0.216667 0.284375 0.220833 0.281250 0.220833 0.279687 0.222917 0.278125 0.222917 0.275000 0.225000 0.273438 0.225000 0.267188 0.227083 0.265625 0.227083 0.260937 0.225000 0.259375 0.225000 0.254688 0.222917 0.253125 0.222917 0.250000 0.220833 0.248438 0.220833 0.246875 0.218750 0.246875 0.214583 0.243750 0.212500 0.243750 0.210417 0.242188 0.210417 0.240625 0.214583 0.237500 0.214583 0.234375 0.218750 0.229687 0.218750 0.228125 0.216667 0.226562 0.216667 0.220312 0.214583 0.218750 0.212500 0.218750 0.202083 0.214062
37 0.447917 0.379688 0.433333 0.390625 0.433333 0.407813 0.431250 0.409375 0.431250 0.420312 0.433333 0.421875 0.433333 0.423438 0.435417 0.425000 0.435417 0.426563 0.437500 0.428125 0.439583 0.432812 0.460417 0.448437 0.497917 0.448437 0.506250 0.442188 0.508333 0.442188 0.518750 0.434375 0.518750 0.432812 0.525000 0.428125 0.525000 0.415625 0.527083 0.414062 0.527083 0.401562 0.529167 0.400000 0.527083 0.398438 0.527083 0.393750 0.525000 0.392188 0.525000 0.387500 0.522917 0.385937 0.522917 0.384375 0.520833 0.384375 0.514583 0.381250 0.510417 0.381250 0.508333 0.379688 0.506250 0.379688 0.500000 0.376563 0.495833 0.376563 0.493750 0.375000 0.489583 0.375000 0.487500 0.373437 0.481250 0.373437 0.479167 0.371875 0.447917 0.379688
