1 0.176563 0.533333 0.167187 0.533333 0.165625 0.535417 0.165625 0.537500 0.157812 0.550000 0.157812 0.552083 0.154688 0.556250 0.154688 0.558333 0.151562 0.562500 0.151562 0.564583 0.148438 0.568750 0.148438 0.570833 0.145313 0.577083 0.148438 0.581250 0.148438 0.593750 0.150000 0.595833 0.150000 0.600000 0.151562 0.602083 0.150000 0.604167 0.150000 0.614583 0.151562 0.616667 0.151562 0.620833 0.153125 0.622917 0.153125 0.625000 0.131250 0.654167 0.131250 0.656250 0.129688 0.658333 0.139063 0.666667 0.140625 0.666667 0.140625 0.656250 0.154688 0.641667 0.156250 0.641667 0.159375 0.645833 0.159375 0.647917 0.168750 0.660417 0.173437 0.660417 0.173437 0.647917 0.171875 0.645833 0.171875 0.595833 0.175000 0.591667 0.178125 0.591667 0.185938 0.585417 0.185938 0.579167 0.184375 0.577083 0.184375 0.570833 0.182812 0.568750 0.182812 0.566667 0.184375 0.564583 0.184375 0.550000 0.179688 0.545833 0.181250 0.543750 0.181250 0.537500 0.179688 0.537500 0.176563 0.533333
1 0.703125 0.514583 0.701562 0.516667 0.701562 0.522917 0.703125 0.525000 0.701562 0.527083 0.701562 0.541667 0.703125 0.543750 0.703125 0.550000 0.701562 0.552083 0.701562 0.566667 0.703125 0.568750 0.703125 0.575000 0.698438 0.581250 0.698438 0.583333 0.700000 0.585417 0.703125 0.585417 0.704688 0.583333 0.707812 0.583333 0.709375 0.585417 0.710938 0.583333 0.715625 0.583333 0.715625 0.579167 0.712500 0.575000 0.712500 0.572917 0.709375 0.568750 0.709375 0.564583 0.707812 0.562500 0.707812 0.558333 0.709375 0.556250 0.709375 0.554167 0.712500 0.550000 0.710938 0.547917 0.710938 0.533333 0.709375 0.531250 0.709375 0.529167 0.707812 0.527083 0.707812 0.525000 0.706250 0.522917 0.706250 0.514583 0.703125 0.514583
1 0.348438 0.531250 0.345313 0.531250 0.343750 0.533333 0.343750 0.535417 0.342187 0.537500 0.342187 0.539583 0.339062 0.543750 0.339062 0.545833 0.337500 0.547917 0.337500 0.550000 0.339062 0.552083 0.340625 0.552083 0.342187 0.554167 0.342187 0.558333 0.343750 0.560417 0.343750 0.568750 0.342187 0.570833 0.342187 0.575000 0.340625 0.577083 0.343750 0.577083 0.345313 0.579167 0.345313 0.577083 0.346875 0.575000 0.345313 0.572917 0.345313 0.568750 0.346875 0.566667 0.346875 0.562500 0.348438 0.560417 0.348438 0.547917 0.350000 0.545833 0.351562 0.545833 0.351562 0.541667 0.353125 0.539583 0.351562 0.539583 0.351562 0.541667 0.350000 0.543750 0.348438 0.541667 0.348438 0.531250
1 0.439063 0.516667 0.432812 0.520833 0.434375 0.543750 0.429688 0.545833 0.425000 0.556250 0.423438 0.568750 0.410938 0.608333 0.412500 0.618750 0.415625 0.616667 0.415625 0.604167 0.428125 0.575000 0.429688 0.577083 0.429688 0.631250 0.434375 0.662500 0.434375 0.687500 0.426563 0.693750 0.425000 0.700000 0.432812 0.702083 0.442188 0.700000 0.440625 0.695833 0.440625 0.664583 0.439063 0.662500 0.440625 0.625000 0.442188 0.622917 0.445312 0.625000 0.448437 0.643750 0.453125 0.654167 0.453125 0.660417 0.460938 0.679167 0.457813 0.683333 0.457813 0.687500 0.462500 0.695833 0.470313 0.691667 0.462500 0.681250 0.462500 0.662500 0.460938 0.654167 0.456250 0.647917 0.456250 0.620833 0.454688 0.618750 0.454688 0.597917 0.456250 0.595833 0.451562 0.587500 0.451562 0.575000 0.453125 0.572917 0.456250 0.577083 0.464062 0.610417 0.460938 0.614583 0.460938 0.618750 0.465625 0.620833 0.467187 0.610417 0.464062 0.600000 0.464062 0.591667 0.457813 0.572917 0.457813 0.558333 0.445312 0.539583 0.443750 0.520833 0.439063 0.516667
1 0.042188 0.537500 0.039062 0.541667 0.037500 0.541667 0.034375 0.545833 0.032813 0.545833 0.029687 0.550000 0.025000 0.550000 0.023438 0.547917 0.023438 0.541667 0.017188 0.541667 0.017188 0.550000 0.012500 0.556250 0.010937 0.556250 0.010937 0.560417 0.009375 0.562500 0.010937 0.564583 0.015625 0.564583 0.017188 0.566667 0.017188 0.572917 0.018750 0.575000 0.018750 0.610417 0.021875 0.610417 0.021875 0.595833 0.023438 0.593750 0.023438 0.591667 0.025000 0.589583 0.026562 0.591667 0.026562 0.610417 0.032813 0.610417 0.034375 0.608333 0.035937 0.608333 0.037500 0.606250 0.031250 0.606250 0.029687 0.604167 0.029687 0.595833 0.028125 0.593750 0.028125 0.556250 0.032813 0.550000 0.034375 0.550000 0.037500 0.545833 0.039062 0.545833 0.042188 0.541667 0.043750 0.541667 0.042188 0.539583 0.042188 0.537500
1 0.626563 0.572917 0.623437 0.568750 0.623437 0.566667 0.621875 0.564583 0.621875 0.562500 0.620313 0.560417 0.618750 0.560417 0.617188 0.562500 0.614062 0.562500 0.614062 0.564583 0.612500 0.566667 0.612500 0.570833 0.610938 0.572917 0.609375 0.572917 0.609375 0.575000 0.612500 0.575000 0.614062 0.572917 0.615625 0.572917 0.615625 0.568750 0.617188 0.566667 0.618750 0.566667 0.623437 0.572917 0.621875 0.575000 0.625000 0.575000 0.626563 0.572917 0.617188 0.533333 0.615625 0.535417 0.615625 0.539583 0.617188 0.541667 0.617188 0.543750 0.615625 0.545833 0.615625 0.547917 0.614062 0.550000 0.614062 0.552083 0.612500 0.554167 0.620313 0.554167 0.620313 0.543750 0.618750 0.541667 0.618750 0.535417 0.617188 0.533333
1 0.403125 0.527083 0.400000 0.531250 0.401562 0.533333 0.401562 0.535417 0.403125 0.537500 0.401562 0.539583 0.400000 0.539583 0.396875 0.543750 0.396875 0.558333 0.400000 0.558333 0.401562 0.560417 0.401562 0.566667 0.400000 0.568750 0.396875 0.568750 0.395313 0.570833 0.395313 0.572917 0.393750 0.575000 0.393750 0.577083 0.395313 0.577083 0.395313 0.572917 0.396875 0.570833 0.398438 0.570833 0.400000 0.568750 0.401562 0.568750 0.404687 0.564583 0.406250 0.566667 0.406250 0.581250 0.407813 0.581250 0.407813 0.554167 0.409375 0.552083 0.409375 0.545833 0.410938 0.543750 0.410938 0.541667 0.406250 0.535417 0.406250 0.529167 0.404687 0.529167 0.403125 0.527083
1 0.795312 0.510417 0.795312 0.512500 0.792188 0.516667 0.792188 0.518750 0.790625 0.520833 0.790625 0.525000 0.789062 0.527083 0.789062 0.529167 0.787500 0.531250 0.787500 0.543750 0.793750 0.552083 0.793750 0.554167 0.795312 0.556250 0.795312 0.570833 0.796875 0.568750 0.796875 0.566667 0.801562 0.560417 0.803125 0.562500 0.803125 0.564583 0.804688 0.566667 0.804688 0.568750 0.806250 0.570833 0.806250 0.572917 0.806250 0.558333 0.804688 0.556250 0.804688 0.550000 0.803125 0.547917 0.803125 0.543750 0.801562 0.541667 0.801562 0.539583 0.800000 0.537500 0.800000 0.514583 0.796875 0.510417 0.795312 0.510417
2 0.076563 0.577083 0.076563 0.585417 0.078125 0.587500 0.078125 0.589583 0.081250 0.593750 0.085938 0.593750 0.087500 0.591667 0.090625 0.591667 0.090625 0.589583 0.092188 0.587500 0.092188 0.585417 0.093750 0.583333 0.093750 0.579167 0.095312 0.577083 0.096875 0.579167 0.096875 0.583333 0.100000 0.583333 0.104688 0.589583 0.109375 0.589583 0.110937 0.587500 0.112500 0.587500 0.114062 0.585417 0.114062 0.572917 0.112500 0.570833 0.104688 0.570833 0.103125 0.568750 0.103125 0.566667 0.106250 0.562500 0.101562 0.562500 0.101562 0.564583 0.100000 0.566667 0.095312 0.566667 0.093750 0.564583 0.092188 0.564583 0.090625 0.562500 0.090625 0.560417 0.089063 0.560417 0.090625 0.562500 0.090625 0.564583 0.089063 0.566667 0.089063 0.568750 0.087500 0.570833 0.084375 0.570833 0.082812 0.572917 0.079687 0.572917 0.076563 0.577083
2 0.984375 0.556250 0.982812 0.558333 0.982812 0.568750 0.984375 0.570833 0.984375 0.572917 0.993750 0.572917 0.996875 0.568750 0.996875 0.560417 0.992188 0.554167 0.987500 0.554167 0.985938 0.556250 0.984375 0.556250
2 0.029687 0.579167 0.029687 0.589583 0.032813 0.593750 0.034375 0.593750 0.035937 0.595833 0.037500 0.593750 0.040625 0.593750 0.042188 0.591667 0.045312 0.591667 0.046875 0.589583 0.050000 0.589583 0.051562 0.591667 0.054688 0.591667 0.056250 0.593750 0.062500 0.593750 0.064062 0.591667 0.065625 0.591667 0.065625 0.589583 0.067187 0.587500 0.067187 0.583333 0.062500 0.577083 0.056250 0.577083 0.054688 0.575000 0.056250 0.572917 0.056250 0.568750 0.054688 0.566667 0.051562 0.566667 0.053125 0.568750 0.053125 0.572917 0.050000 0.577083 0.048438 0.577083 0.045312 0.572917 0.045312 0.570833 0.043750 0.568750 0.043750 0.566667 0.039062 0.566667 0.039062 0.570833 0.040625 0.572917 0.039062 0.575000 0.035937 0.575000 0.034375 0.577083 0.031250 0.577083 0.029687 0.579167
37 0.423438 0.614583 0.423438 0.616667 0.425000 0.616667 0.425000 0.614583 0.423438 0.614583
43 0.134375 0.583333 0.134375 0.593750 0.139063 0.600000 0.140625 0.600000 0.142187 0.602083 0.150000 0.602083 0.148438 0.600000 0.148438 0.595833 0.146875 0.593750 0.146875 0.581250 0.145313 0.579167 0.143750 0.581250 0.137500 0.581250 0.135937 0.583333 0.134375 0.583333 0.046875 0.539583 0.048438 0.539583 0.050000 0.541667 0.059375 0.541667 0.060937 0.539583 0.060937 0.535417 0.057813 0.531250 0.051562 0.531250 0.050000 0.533333 0.050000 0.535417 0.046875 0.539583
43 0.467187 0.622917 0.467187 0.650000 0.468750 0.652083 0.468750 0.654167 0.470313 0.656250 0.470313 0.658333 0.471875 0.660417 0.471875 0.662500 0.473438 0.664583 0.473438 0.666667 0.475000 0.666667 0.476562 0.668750 0.479687 0.668750 0.481250 0.666667 0.481250 0.652083 0.475000 0.643750 0.475000 0.641667 0.471875 0.637500 0.471875 0.635417 0.470313 0.633333 0.470313 0.631250 0.468750 0.629167 0.468750 0.627083 0.467187 0.625000 0.467187 0.622917 0.460938 0.604167 0.460938 0.612500 0.462500 0.612500 0.462500 0.610417 0.460938 0.608333 0.460938 0.604167
43 0.396875 0.560417 0.395313 0.562500 0.395313 0.566667 0.400000 0.566667 0.400000 0.560417 0.396875 0.560417
