1 0.698438 0.118126 0.690625 0.171079 0.703125 0.187373 0.703125 0.209776 0.664062 0.291242 0.639062 0.283096 0.634375 0.309572 0.620313 0.311609 0.626563 0.331976 0.629687 0.570265 0.596875 0.637475 0.589063 0.731161 0.582812 0.747454 0.570312 0.745418 0.526563 0.953157 0.543750 0.977597 0.559375 0.973523 0.623437 0.912424 0.632812 0.814664 0.648438 0.767821 0.639062 0.761711 0.668750 0.661914 0.692187 0.619145 0.775000 0.645621 0.784375 0.663951 0.821875 0.672098 0.834375 0.694501 0.831250 0.804481 0.815625 0.841141 0.815625 0.912424 0.795312 0.963340 0.804688 0.981670 0.870313 0.985743 0.914062 0.851324 0.914062 0.749491 0.890625 0.851324 0.885938 0.810591 0.907813 0.690428 0.915625 0.702648 0.912500 0.645621 0.879687 0.582485 0.889062 0.541752 0.857812 0.433809 0.851562 0.329939 0.818750 0.303462 0.818750 0.246436 0.750000 0.132383 0.698438 0.118126
1 0.309375 0.138493 0.275000 0.140530 0.254688 0.213849 0.221875 0.230143 0.220312 0.289206 0.204687 0.364562 0.210938 0.437882 0.187500 0.458248 0.168750 0.496945 0.142187 0.682281 0.128125 0.723014 0.070312 0.800407 0.089063 0.820774 0.162500 0.780041 0.187500 0.753564 0.217188 0.645621 0.203125 0.613035 0.232813 0.525458 0.267188 0.517312 0.285938 0.521385 0.314063 0.547862 0.306250 0.619145 0.307812 0.682281 0.290625 0.714868 0.306250 0.725051 0.284375 0.851324 0.315625 0.863544 0.334375 0.835031 0.335938 0.739308 0.365625 0.663951 0.365625 0.531568 0.387500 0.496945 0.381250 0.456212 0.400000 0.423625 0.418750 0.266802 0.353125 0.215886 0.340625 0.162933 0.309375 0.138493
1 0.532813 0.185336 0.500000 0.191446 0.475000 0.224033 0.470313 0.258656 0.475000 0.279022 0.445312 0.293279 0.396875 0.446029 0.384375 0.454175 0.387500 0.448065 0.432812 0.450102 0.468750 0.488798 0.518750 0.509165 0.507812 0.525458 0.437500 0.517312 0.396875 0.472505 0.403125 0.515275 0.378125 0.570265 0.365625 0.665988 0.365625 0.723014 0.350000 0.775967 0.354687 0.804481 0.376563 0.820774 0.375000 0.837067 0.351562 0.885947 0.317188 0.904277 0.309375 0.938900 0.318750 0.963340 0.359375 0.975560 0.375000 0.967413 0.401562 0.932790 0.443750 0.900204 0.431250 0.849287 0.457813 0.828921 0.507812 0.733198 0.531250 0.653768 0.590625 0.598778 0.628125 0.533605 0.625000 0.391039 0.618750 0.352342 0.625000 0.331976 0.568750 0.281059 0.551562 0.201629 0.532813 0.185336
3 0.548438 0.177189 0.548438 0.185336 0.551562 0.193483 0.551562 0.199593 0.554688 0.207739 0.554688 0.213849 0.556250 0.215886 0.556250 0.219959 0.557813 0.221996 0.557813 0.226069 0.559375 0.228106 0.559375 0.232179 0.560937 0.234216 0.560937 0.238289 0.567187 0.258656 0.573438 0.258656 0.575000 0.260692 0.579688 0.260692 0.581250 0.262729 0.585938 0.262729 0.587500 0.264766 0.592187 0.264766 0.593750 0.266802 0.598437 0.266802 0.600000 0.268839 0.604688 0.268839 0.606250 0.270876 0.610938 0.270876 0.612500 0.272912 0.617188 0.272912 0.618750 0.274949 0.623437 0.274949 0.625000 0.276986 0.629687 0.276986 0.631250 0.279022 0.635938 0.279022 0.637500 0.281059 0.642188 0.281059 0.643750 0.283096 0.648438 0.283096 0.650000 0.285132 0.654687 0.285132 0.662500 0.289206 0.667188 0.285132 0.668750 0.279022 0.681250 0.256619 0.684375 0.242363 0.685937 0.240326 0.685937 0.236253 0.687500 0.234216 0.687500 0.230143 0.701562 0.209776 0.701562 0.203666 0.703125 0.201629 0.701562 0.187373 0.695312 0.173116 0.685937 0.173116 0.684375 0.171079 0.676562 0.171079 0.675000 0.169043 0.654687 0.167006 0.653125 0.164969 0.634375 0.162933 0.632812 0.160896 0.614062 0.158859 0.612500 0.156823 0.609375 0.156823 0.607812 0.158859 0.576562 0.158859 0.575000 0.160896 0.565625 0.160896 0.548438 0.177189
15 0.875000 0.898167 0.873437 0.898167 0.871875 0.900204 0.868750 0.900204 0.865625 0.904277 0.865625 0.912424 0.864062 0.914460 0.864062 0.926680 0.862500 0.928717 0.862500 0.940937 0.860938 0.942974 0.862500 0.945010 0.862500 0.957230 0.864062 0.959267 0.864062 0.969450 0.865625 0.971487 0.865625 0.973523 0.868750 0.969450 0.868750 0.967413 0.867188 0.965377 0.867188 0.957230 0.865625 0.955193 0.865625 0.949084 0.867188 0.947047 0.870313 0.947047 0.871875 0.945010 0.871875 0.938900 0.870313 0.936864 0.870313 0.914460 0.871875 0.912424 0.871875 0.906314 0.873437 0.904277 0.873437 0.900204 0.875000 0.898167 0.910937 0.688391 0.909375 0.690428 0.909375 0.698574 0.907813 0.700611 0.907813 0.708758 0.906250 0.710794 0.906250 0.725051 0.904687 0.727088 0.904687 0.743381 0.903125 0.745418 0.903125 0.751527 0.901563 0.753564 0.901563 0.757637 0.900000 0.759674 0.900000 0.763747 0.898438 0.765784 0.898438 0.769857 0.896875 0.771894 0.896875 0.775967 0.895312 0.778004 0.895312 0.784114 0.893750 0.786151 0.893750 0.790224 0.892188 0.792261 0.892188 0.796334 0.890625 0.798371 0.890625 0.802444 0.889062 0.804481 0.889062 0.808554 0.887500 0.810591 0.887500 0.812627 0.889062 0.814664 0.889062 0.839104 0.890625 0.841141 0.890625 0.849287 0.890625 0.845214 0.892188 0.843177 0.892188 0.839104 0.893750 0.837067 0.893750 0.832994 0.895312 0.830957 0.895312 0.826884 0.896875 0.824847 0.896875 0.820774 0.898438 0.818737 0.898438 0.814664 0.900000 0.812627 0.900000 0.808554 0.901563 0.806517 0.901563 0.802444 0.903125 0.800407 0.903125 0.796334 0.904687 0.794297 0.904687 0.790224 0.906250 0.788187 0.906250 0.784114 0.907813 0.782077 0.907813 0.775967 0.909375 0.773931 0.909375 0.769857 0.910937 0.767821 0.910937 0.761711 0.912500 0.759674 0.912500 0.749491 0.914062 0.747454 0.914062 0.737271 0.915625 0.735234 0.915625 0.723014 0.917188 0.720978 0.917188 0.710794 0.915625 0.708758 0.915625 0.704684 0.912500 0.698574 0.912500 0.694501 0.910937 0.692464 0.910937 0.688391 0.675000 0.657841 0.670312 0.676171 0.640625 0.761711 0.710938 0.775967 0.731250 0.784114 0.737500 0.784114 0.770312 0.796334 0.789062 0.800407 0.795312 0.804481 0.787500 0.830957 0.801562 0.839104 0.820312 0.839104 0.820312 0.816701 0.823438 0.812627 0.826562 0.812627 0.829688 0.804481 0.831250 0.710794 0.832812 0.708758 0.832812 0.694501 0.821875 0.674134 0.798438 0.670061 0.759375 0.657841 0.703125 0.647658 0.701562 0.645621 0.693750 0.645621 0.675000 0.657841 0.604688 0.596741 0.603125 0.598778 0.589063 0.600815 0.587500 0.602851 0.584375 0.602851 0.578125 0.606925 0.575000 0.610998 0.573438 0.610998 0.573438 0.613035 0.560937 0.629328 0.559375 0.629328 0.556250 0.633401 0.550000 0.637475 0.531250 0.659878 0.531250 0.668024 0.529687 0.670061 0.529687 0.682281 0.528125 0.684318 0.528125 0.694501 0.526563 0.696538 0.526563 0.706721 0.520312 0.714868 0.520312 0.716904 0.515625 0.723014 0.514062 0.727088 0.517188 0.727088 0.518750 0.729124 0.525000 0.729124 0.526563 0.731161 0.532813 0.731161 0.534375 0.733198 0.540625 0.733198 0.542188 0.735234 0.546875 0.735234 0.548438 0.737271 0.554688 0.737271 0.556250 0.739308 0.562500 0.739308 0.564063 0.741344 0.570312 0.741344 0.571875 0.743381 0.578125 0.743381 0.579688 0.745418 0.582812 0.745418 0.584375 0.743381 0.584375 0.739308 0.587500 0.731161 0.587500 0.716904 0.589063 0.714868 0.589063 0.700611 0.590625 0.698574 0.590625 0.682281 0.592187 0.680244 0.592187 0.665988 0.593750 0.663951 0.593750 0.647658 0.595313 0.645621 0.595313 0.631365 0.596875 0.629328 0.596875 0.617108 0.604688 0.596741 0.254688 0.521385 0.253125 0.523422 0.246875 0.523422 0.245312 0.525458 0.240625 0.525458 0.239063 0.527495 0.232813 0.527495 0.220312 0.560081 0.220312 0.564155 0.217188 0.570265 0.217188 0.574338 0.210938 0.590631 0.209375 0.600815 0.206250 0.606925 0.204687 0.617108 0.210938 0.633401 0.214062 0.637475 0.217188 0.637475 0.221875 0.641548 0.225000 0.641548 0.234375 0.647658 0.242188 0.649695 0.250000 0.655804 0.250000 0.665988 0.243750 0.674134 0.243750 0.680244 0.245312 0.682281 0.260937 0.684318 0.262500 0.682281 0.267188 0.682281 0.273438 0.676171 0.275000 0.672098 0.271875 0.663951 0.271875 0.659878 0.273438 0.657841 0.301563 0.665988 0.301563 0.655804 0.303125 0.653768 0.303125 0.633401 0.304688 0.631365 0.304688 0.619145 0.306250 0.617108 0.306250 0.602851 0.307812 0.600815 0.307812 0.588595 0.309375 0.586558 0.309375 0.574338 0.310937 0.572301 0.310937 0.558045 0.312500 0.556008 0.312500 0.547862 0.301563 0.533605 0.298438 0.531568 0.289062 0.529532 0.287500 0.527495 0.281250 0.527495 0.279687 0.525458 0.273438 0.525458 0.271875 0.523422 0.265625 0.523422 0.264062 0.521385 0.254688 0.521385 0.420312 0.311609 0.418750 0.311609 0.417187 0.313646 0.415625 0.313646 0.412500 0.317719 0.412500 0.338086 0.410938 0.340122 0.410938 0.350305 0.409375 0.352342 0.409375 0.360489 0.407813 0.362525 0.407813 0.370672 0.406250 0.372709 0.406250 0.380855 0.404687 0.382892 0.404687 0.391039 0.403125 0.393075 0.403125 0.401222 0.401562 0.403259 0.401562 0.417515 0.403125 0.419552 0.403125 0.429735 0.403125 0.425662 0.404687 0.423625 0.404687 0.419552 0.406250 0.417515 0.406250 0.413442 0.407813 0.411405 0.407813 0.407332 0.409375 0.405295 0.409375 0.401222 0.410938 0.399185 0.410938 0.397149 0.412500 0.395112 0.412500 0.391039 0.414062 0.389002 0.414062 0.382892 0.415625 0.380855 0.415625 0.374745 0.417187 0.372709 0.417187 0.368635 0.418750 0.366599 0.418750 0.360489 0.420312 0.358452 0.420312 0.354379 0.421875 0.352342 0.421875 0.346232 0.423438 0.344196 0.423438 0.340122 0.425000 0.338086 0.425000 0.336049 0.428125 0.331976 0.428125 0.329939 0.431250 0.325866 0.431250 0.323829 0.434375 0.319756 0.434375 0.317719 0.432812 0.317719 0.431250 0.315682 0.426563 0.315682 0.425000 0.313646 0.421875 0.313646 0.420312 0.311609 0.004687 0.213849 0.003125 0.582485 0.145313 0.623218 0.165625 0.509165 0.148438 0.511202 0.039062 0.492872 0.017188 0.458248 0.021875 0.403259 0.065625 0.348269 0.071875 0.352342 0.090625 0.317719 0.117188 0.317719 0.132812 0.325866 0.210938 0.325866 0.209375 0.311609 0.215625 0.264766 0.184375 0.262729 0.004687 0.213849
27 0.082812 0.331976 0.082812 0.338086 0.081250 0.340122 0.081250 0.344196 0.079687 0.346232 0.079687 0.352342 0.078125 0.354379 0.078125 0.362525 0.079687 0.362525 0.101562 0.382892 0.114062 0.391039 0.117188 0.391039 0.131250 0.401222 0.134375 0.401222 0.156250 0.415479 0.162500 0.415479 0.164062 0.417515 0.175000 0.417515 0.176563 0.419552 0.187500 0.419552 0.189062 0.421589 0.200000 0.421589 0.201563 0.423625 0.201563 0.413442 0.203125 0.411405 0.203125 0.397149 0.204687 0.395112 0.204687 0.391039 0.200000 0.380855 0.200000 0.376782 0.201563 0.374745 0.201563 0.366599 0.203125 0.364562 0.203125 0.358452 0.204687 0.356415 0.204687 0.350305 0.206250 0.348269 0.206250 0.342159 0.207813 0.340122 0.207813 0.331976 0.209375 0.329939 0.204687 0.329939 0.203125 0.327902 0.185938 0.327902 0.184375 0.329939 0.170313 0.329939 0.168750 0.331976 0.139063 0.334012 0.137500 0.331976 0.129688 0.331976 0.128125 0.329939 0.121875 0.329939 0.120313 0.327902 0.087500 0.327902 0.082812 0.331976
27 0.018750 0.458248 0.039062 0.490835 0.050000 0.490835 0.051562 0.492872 0.062500 0.492872 0.064062 0.494908 0.073438 0.494908 0.075000 0.496945 0.085938 0.496945 0.087500 0.498982 0.098437 0.498982 0.100000 0.501018 0.109375 0.501018 0.110937 0.503055 0.121875 0.503055 0.123438 0.505092 0.134375 0.505092 0.135937 0.507128 0.153125 0.509165 0.176563 0.480652 0.178125 0.480652 0.185938 0.458248 0.203125 0.435845 0.193750 0.431772 0.189062 0.431772 0.187500 0.429735 0.182812 0.429735 0.181250 0.427699 0.176563 0.427699 0.175000 0.425662 0.170313 0.425662 0.168750 0.423625 0.164062 0.423625 0.134375 0.403259 0.131250 0.403259 0.117188 0.393075 0.114062 0.393075 0.103125 0.384929 0.100000 0.384929 0.084375 0.368635 0.078125 0.364562 0.071875 0.354379 0.065625 0.350305 0.025000 0.399185 0.023438 0.403259 0.023438 0.417515 0.021875 0.419552 0.018750 0.458248
32 0.526563 0.350305 0.520312 0.350305 0.518750 0.352342 0.514062 0.352342 0.514062 0.356415 0.506250 0.366599 0.506250 0.368635 0.504687 0.370672 0.504687 0.389002 0.503125 0.391039 0.503125 0.413442 0.501563 0.415479 0.501563 0.423625 0.500000 0.425662 0.500000 0.433809 0.498437 0.435845 0.498437 0.443992 0.496875 0.446029 0.496875 0.452138 0.495312 0.454175 0.495312 0.458248 0.493750 0.460285 0.493750 0.464358 0.498437 0.458248 0.500000 0.458248 0.501563 0.456212 0.503125 0.456212 0.504687 0.454175 0.506250 0.454175 0.507812 0.452138 0.509375 0.452138 0.512500 0.448065 0.514062 0.448065 0.514062 0.443992 0.515625 0.441955 0.515625 0.435845 0.517188 0.433809 0.517188 0.427699 0.518750 0.425662 0.518750 0.417515 0.520312 0.415479 0.520312 0.411405 0.521875 0.409369 0.521875 0.401222 0.523438 0.399185 0.523438 0.382892 0.526563 0.376782 0.526563 0.368635 0.525000 0.366599 0.525000 0.364562 0.520312 0.358452 0.520312 0.356415 0.523438 0.352342 0.525000 0.352342 0.526563 0.350305
32 0.721875 0.362525 0.721875 0.366599 0.723437 0.368635 0.723437 0.378819 0.725000 0.380855 0.725000 0.393075 0.731250 0.401222 0.731250 0.403259 0.732812 0.405295 0.732812 0.407332 0.734375 0.409369 0.734375 0.411405 0.737500 0.415479 0.737500 0.417515 0.739062 0.419552 0.739062 0.437882 0.740625 0.439919 0.740625 0.443992 0.742188 0.446029 0.745313 0.446029 0.746875 0.448065 0.748437 0.448065 0.748437 0.446029 0.746875 0.443992 0.746875 0.431772 0.745313 0.429735 0.745313 0.417515 0.743750 0.415479 0.743750 0.413442 0.740625 0.409369 0.740625 0.407332 0.739062 0.405295 0.739062 0.403259 0.734375 0.397149 0.734375 0.395112 0.732812 0.393075 0.732812 0.391039 0.731250 0.389002 0.731250 0.384929 0.732812 0.382892 0.732812 0.380855 0.734375 0.378819 0.734375 0.376782 0.739062 0.370672 0.739062 0.368635 0.737500 0.366599 0.737500 0.362525 0.721875 0.362525
77 0.732812 0.582485 0.729688 0.578411 0.728125 0.578411 0.726562 0.576375 0.720313 0.576375 0.718750 0.578411 0.714063 0.578411 0.712500 0.580448 0.709375 0.580448 0.707812 0.582485 0.704688 0.582485 0.703125 0.584521 0.700000 0.584521 0.698438 0.586558 0.695312 0.586558 0.693750 0.588595 0.690625 0.588595 0.689063 0.590631 0.685937 0.590631 0.684375 0.592668 0.681250 0.592668 0.681250 0.594705 0.679688 0.596741 0.679688 0.606925 0.681250 0.608961 0.681250 0.610998 0.682813 0.610998 0.684375 0.613035 0.687500 0.613035 0.689063 0.610998 0.693750 0.610998 0.695312 0.608961 0.698438 0.608961 0.698438 0.600815 0.700000 0.598778 0.701562 0.598778 0.704688 0.594705 0.706250 0.594705 0.707812 0.592668 0.710938 0.592668 0.712500 0.590631 0.715625 0.590631 0.717187 0.588595 0.721875 0.588595 0.723437 0.586558 0.732812 0.586558 0.732812 0.582485
84 0.384375 0.456212 0.384375 0.458248 0.387500 0.462322 0.389062 0.462322 0.395313 0.470468 0.396875 0.470468 0.401562 0.476578 0.403125 0.476578 0.417187 0.492872 0.418750 0.492872 0.423438 0.498982 0.425000 0.498982 0.437500 0.515275 0.448437 0.515275 0.450000 0.517312 0.464062 0.517312 0.465625 0.519348 0.478125 0.519348 0.479687 0.521385 0.493750 0.521385 0.495312 0.523422 0.507812 0.523422 0.515625 0.513238 0.515625 0.511202 0.517188 0.509165 0.515625 0.509165 0.514062 0.507128 0.510938 0.507128 0.509375 0.505092 0.504687 0.505092 0.503125 0.503055 0.500000 0.503055 0.498437 0.501018 0.493750 0.501018 0.492188 0.498982 0.487500 0.498982 0.485938 0.496945 0.481250 0.496945 0.479687 0.494908 0.475000 0.494908 0.473438 0.492872 0.468750 0.490835 0.462500 0.482688 0.460938 0.482688 0.454688 0.474542 0.453125 0.474542 0.448437 0.468432 0.446875 0.468432 0.432812 0.452138 0.410938 0.452138 0.409375 0.450102 0.387500 0.450102 0.387500 0.452138 0.384375 0.456212
