1 0.348438 0.731308 0.346875 0.733645 0.345313 0.733645 0.345313 0.735981 0.346875 0.738318 0.345313 0.740654 0.345313 0.754673 0.343750 0.757009 0.343750 0.764019 0.345313 0.766355 0.345313 0.787383 0.346875 0.789720 0.346875 0.792056 0.348438 0.794393 0.350000 0.794393 0.350000 0.782710 0.351562 0.780374 0.351562 0.768692 0.354687 0.764019 0.353125 0.761682 0.353125 0.759346 0.351562 0.757009 0.351562 0.738318 0.350000 0.735981 0.350000 0.733645 0.348438 0.731308
1 0.606250 0.759346 0.606250 0.761682 0.607812 0.764019 0.607812 0.775701 0.612500 0.782710 0.612500 0.785047 0.615625 0.780374 0.617188 0.780374 0.618750 0.782710 0.618750 0.773364 0.617188 0.771028 0.615625 0.771028 0.614062 0.768692 0.615625 0.766355 0.615625 0.759346 0.612500 0.759346 0.610938 0.761682 0.609375 0.759346 0.606250 0.759346
1 0.918750 0.750000 0.918750 0.754673 0.917188 0.757009 0.917188 0.768692 0.915625 0.771028 0.918750 0.771028 0.918750 0.768692 0.921875 0.764019 0.921875 0.757009 0.918750 0.752336 0.918750 0.750000
1 0.878125 0.742991 0.875000 0.747664 0.878125 0.752336 0.878125 0.759346 0.875000 0.764019 0.875000 0.771028 0.876563 0.773364 0.875000 0.775701 0.875000 0.780374 0.876563 0.782710 0.881250 0.782710 0.882812 0.780374 0.882812 0.764019 0.884375 0.761682 0.884375 0.752336 0.881250 0.747664 0.881250 0.745327 0.879687 0.742991 0.878125 0.742991
1 0.628125 0.764019 0.629687 0.766355 0.628125 0.768692 0.628125 0.771028 0.635938 0.782710 0.639062 0.782710 0.640625 0.785047 0.642188 0.785047 0.643750 0.787383 0.648438 0.787383 0.648438 0.785047 0.646875 0.785047 0.642188 0.778037 0.642188 0.775701 0.637500 0.768692 0.635938 0.768692 0.632812 0.764019 0.632812 0.761682 0.629687 0.761682 0.628125 0.764019
1 0.521875 0.738318 0.521875 0.745327 0.520312 0.747664 0.520312 0.752336 0.523438 0.757009 0.523438 0.766355 0.525000 0.766355 0.526563 0.768692 0.526563 0.759346 0.528125 0.757009 0.528125 0.738318 0.521875 0.738318
1 0.392188 0.771028 0.390625 0.773364 0.390625 0.789720 0.396875 0.789720 0.396875 0.773364 0.395313 0.771028 0.392188 0.771028 0.395313 0.738318 0.393750 0.740654 0.393750 0.747664 0.392188 0.750000 0.390625 0.750000 0.390625 0.764019 0.395313 0.764019 0.396875 0.761682 0.396875 0.750000 0.395313 0.747664 0.396875 0.745327 0.396875 0.740654 0.395313 0.738318
1 0.534375 0.740654 0.532813 0.742991 0.532813 0.747664 0.531250 0.750000 0.529687 0.750000 0.531250 0.750000 0.532813 0.752336 0.532813 0.766355 0.534375 0.766355 0.535937 0.768692 0.537500 0.768692 0.539062 0.766355 0.539062 0.742991 0.537500 0.740654 0.534375 0.740654
1 0.856250 0.742991 0.853125 0.742991 0.853125 0.747664 0.851562 0.750000 0.851562 0.761682 0.853125 0.764019 0.853125 0.773364 0.854688 0.775701 0.854688 0.778037 0.854688 0.775701 0.856250 0.773364 0.856250 0.742991
1 0.435937 0.764019 0.432812 0.764019 0.432812 0.768692 0.431250 0.771028 0.431250 0.785047 0.428125 0.789720 0.431250 0.789720 0.431250 0.787383 0.434375 0.782710 0.435937 0.785047 0.435937 0.787383 0.437500 0.787383 0.437500 0.782710 0.435937 0.780374 0.435937 0.778037 0.437500 0.775701 0.439063 0.775701 0.437500 0.773364 0.437500 0.771028 0.435937 0.768692 0.435937 0.764019
1 0.375000 0.768692 0.370312 0.768692 0.370312 0.775701 0.368750 0.778037 0.368750 0.782710 0.370312 0.785047 0.370312 0.789720 0.370312 0.775701 0.371875 0.773364 0.375000 0.773364 0.375000 0.768692 0.371875 0.735981 0.370312 0.738318 0.370312 0.742991 0.368750 0.745327 0.367188 0.745327 0.365625 0.747664 0.365625 0.759346 0.375000 0.759346 0.375000 0.747664 0.373437 0.745327 0.373437 0.740654 0.371875 0.738318 0.371875 0.735981
1 0.846875 0.738318 0.845313 0.738318 0.845313 0.742991 0.843750 0.745327 0.842187 0.745327 0.842187 0.764019 0.840625 0.766355 0.843750 0.771028 0.845313 0.768692 0.846875 0.768692 0.845313 0.766355 0.845313 0.757009 0.846875 0.754673 0.846875 0.738318
1 0.860938 0.740654 0.857812 0.745327 0.857812 0.752336 0.859375 0.754673 0.859375 0.759346 0.857812 0.761682 0.857812 0.778037 0.856250 0.780374 0.854688 0.780374 0.853125 0.778037 0.853125 0.775701 0.853125 0.785047 0.854688 0.787383 0.854688 0.789720 0.856250 0.792056 0.856250 0.796729 0.860938 0.803738 0.871875 0.803738 0.875000 0.799065 0.875000 0.796729 0.876563 0.794393 0.876563 0.792056 0.878125 0.789720 0.878125 0.787383 0.879687 0.785047 0.875000 0.785047 0.873437 0.782710 0.873437 0.775701 0.875000 0.773364 0.873437 0.771028 0.873437 0.764019 0.876563 0.759346 0.876563 0.752336 0.873437 0.747664 0.876563 0.742991 0.875000 0.740654 0.860938 0.740654 0.375000 0.740654 0.375000 0.745327 0.378125 0.750000 0.378125 0.761682 0.376563 0.764019 0.367188 0.764019 0.367188 0.782710 0.368750 0.785047 0.367188 0.782710 0.367188 0.778037 0.368750 0.775701 0.368750 0.768692 0.370312 0.766355 0.375000 0.766355 0.376563 0.768692 0.376563 0.775701 0.375000 0.778037 0.373437 0.778037 0.373437 0.792056 0.371875 0.794393 0.370312 0.792056 0.370312 0.794393 0.373437 0.799065 0.384375 0.799065 0.385937 0.796729 0.387500 0.796729 0.389062 0.794393 0.389062 0.773364 0.390625 0.771028 0.390625 0.768692 0.389062 0.766355 0.389062 0.759346 0.387500 0.757009 0.387500 0.747664 0.385937 0.745327 0.385937 0.742991 0.384375 0.740654 0.375000 0.740654 0.473438 0.731308 0.471875 0.733645 0.470313 0.733645 0.467187 0.738318 0.471875 0.738318 0.473438 0.740654 0.473438 0.745327 0.471875 0.747664 0.470313 0.747664 0.468750 0.750000 0.465625 0.750000 0.465625 0.768692 0.468750 0.773364 0.468750 0.787383 0.473438 0.794393 0.482812 0.794393 0.484375 0.792056 0.484375 0.789720 0.485938 0.787383 0.485938 0.775701 0.487500 0.773364 0.487500 0.761682 0.489063 0.759346 0.489063 0.752336 0.490625 0.750000 0.485938 0.750000 0.484375 0.747664 0.485938 0.745327 0.485938 0.742991 0.489063 0.738318 0.490625 0.738318 0.489063 0.735981 0.489063 0.733645 0.487500 0.731308 0.473438 0.731308 0.162500 0.733645 0.162500 0.768692 0.164062 0.771028 0.164062 0.787383 0.167187 0.792056 0.176563 0.792056 0.178125 0.789720 0.178125 0.787383 0.179688 0.785047 0.181250 0.785047 0.182812 0.787383 0.192188 0.787383 0.193750 0.785047 0.193750 0.782710 0.195312 0.780374 0.196875 0.782710 0.196875 0.794393 0.200000 0.799065 0.210938 0.799065 0.212500 0.796729 0.214062 0.796729 0.218750 0.789720 0.218750 0.787383 0.220312 0.785047 0.220312 0.771028 0.218750 0.768692 0.218750 0.766355 0.215625 0.761682 0.215625 0.754673 0.214062 0.752336 0.214062 0.750000 0.210938 0.745327 0.210938 0.742991 0.209375 0.740654 0.200000 0.740654 0.198437 0.738318 0.198437 0.731308 0.196875 0.728972 0.196875 0.726636 0.195312 0.724299 0.185938 0.724299 0.184375 0.726636 0.167187 0.726636 0.162500 0.733645
3 0.435937 0.728972 0.435937 0.735981 0.442188 0.735981 0.443750 0.738318 0.445312 0.738318 0.446875 0.735981 0.448437 0.735981 0.448437 0.733645 0.445312 0.733645 0.442188 0.728972 0.435937 0.728972
3 0.429688 0.754673 0.428125 0.752336 0.428125 0.750000 0.426563 0.752336 0.414062 0.752336 0.412500 0.754673 0.406250 0.754673 0.404687 0.757009 0.401562 0.757009 0.401562 0.764019 0.423438 0.764019 0.425000 0.766355 0.428125 0.766355 0.429688 0.764019 0.429688 0.754673
3 0.485938 0.747664 0.490625 0.747664 0.492188 0.750000 0.495312 0.750000 0.496875 0.747664 0.500000 0.747664 0.501563 0.745327 0.500000 0.745327 0.496875 0.740654 0.489063 0.740654 0.487500 0.742991 0.487500 0.745327 0.485938 0.747664
3 0.460938 0.747664 0.468750 0.747664 0.470313 0.745327 0.471875 0.745327 0.471875 0.740654 0.464062 0.740654 0.460938 0.745327 0.460938 0.747664
38 0.459375 0.485981 0.459375 0.490654 0.460938 0.492991 0.462500 0.492991 0.464062 0.495327 0.465625 0.495327 0.467187 0.497664 0.468750 0.497664 0.470313 0.500000 0.482812 0.500000 0.487500 0.507009 0.487500 0.509346 0.490625 0.509346 0.490625 0.504673 0.484375 0.495327 0.479687 0.495327 0.478125 0.492991 0.465625 0.492991 0.464062 0.490654 0.464062 0.488318 0.462500 0.485981 0.459375 0.485981
38 0.439063 0.595794 0.442188 0.600467 0.445312 0.600467 0.451562 0.591121 0.446875 0.591121 0.445312 0.588785 0.439063 0.588785 0.439063 0.595794
38 0.703125 0.474299 0.701562 0.471963 0.700000 0.471963 0.698438 0.474299 0.696875 0.474299 0.695312 0.471963 0.698438 0.467290 0.700000 0.467290 0.698438 0.464953 0.700000 0.462617 0.703125 0.462617 0.703125 0.460280 0.701562 0.457944 0.701562 0.455607 0.700000 0.453271 0.700000 0.448598 0.696875 0.453271 0.693750 0.453271 0.692187 0.455607 0.679688 0.455607 0.684375 0.455607 0.685937 0.457944 0.689063 0.457944 0.690625 0.460280 0.690625 0.462617 0.693750 0.467290 0.693750 0.469626 0.696875 0.474299 0.696875 0.476636 0.698438 0.478972 0.701562 0.474299 0.703125 0.474299
38 0.601562 0.656542 0.601562 0.658879 0.603125 0.661215 0.603125 0.675234 0.604688 0.675234 0.615625 0.665888 0.620313 0.665888 0.621875 0.663551 0.634375 0.663551 0.635938 0.661215 0.650000 0.661215 0.651563 0.658879 0.654687 0.658879 0.648438 0.658879 0.646875 0.661215 0.632812 0.661215 0.631250 0.663551 0.626563 0.663551 0.623437 0.658879 0.625000 0.656542 0.639062 0.656542 0.640625 0.654206 0.642188 0.654206 0.635938 0.654206 0.634375 0.656542 0.623437 0.656542 0.621875 0.658879 0.618750 0.658879 0.617188 0.661215 0.612500 0.661215 0.610938 0.658879 0.618750 0.651869 0.623437 0.651869 0.625000 0.649533 0.646875 0.649533 0.648438 0.647196 0.646875 0.647196 0.645312 0.649533 0.621875 0.649533 0.620313 0.651869 0.618750 0.651869 0.617188 0.654206 0.614062 0.654206 0.609375 0.658879 0.607812 0.656542 0.607812 0.654206 0.610938 0.649533 0.612500 0.649533 0.617188 0.644860 0.621875 0.644860 0.623437 0.642523 0.642188 0.642523 0.618750 0.642523 0.617188 0.644860 0.614062 0.644860 0.612500 0.647196 0.609375 0.647196 0.607812 0.649533 0.606250 0.649533 0.604688 0.651869 0.604688 0.654206 0.603125 0.656542 0.601562 0.656542
38 0.098437 0.820093 0.100000 0.822430 0.117188 0.822430 0.118750 0.824766 0.131250 0.824766 0.132812 0.822430 0.140625 0.822430 0.142187 0.820093 0.151562 0.820093 0.153125 0.817757 0.160938 0.817757 0.160938 0.796729 0.159375 0.796729 0.157812 0.799065 0.156250 0.799065 0.154688 0.801402 0.153125 0.801402 0.151562 0.803738 0.150000 0.803738 0.148438 0.806075 0.146875 0.806075 0.145313 0.808411 0.142187 0.808411 0.140625 0.810748 0.139063 0.810748 0.137500 0.813084 0.135937 0.813084 0.134375 0.815421 0.131250 0.815421 0.126562 0.808411 0.125000 0.808411 0.118750 0.799065 0.117188 0.799065 0.115625 0.796729 0.114062 0.796729 0.107813 0.806075 0.106250 0.806075 0.098437 0.817757 0.098437 0.820093
38 0.681250 0.193925 0.681250 0.196262 0.682813 0.198598 0.682813 0.200935 0.690625 0.212617 0.690625 0.214953 0.693750 0.219626 0.695312 0.219626 0.695312 0.214953 0.693750 0.212617 0.693750 0.207944 0.692187 0.205607 0.692187 0.203271 0.690625 0.200935 0.690625 0.198598 0.689063 0.198598 0.687500 0.196262 0.685937 0.196262 0.684375 0.193925 0.681250 0.193925
