1 0.717187 0.018711 0.710938 0.018711 0.709375 0.020790 0.703125 0.020790 0.701562 0.022869 0.700000 0.022869 0.700000 0.035343 0.698438 0.037422 0.698438 0.047817 0.696875 0.049896 0.696875 0.062370 0.695312 0.064449 0.695312 0.074844 0.693750 0.076923 0.693750 0.089397 0.717187 0.089397 0.717187 0.085239 0.718750 0.083160 0.718750 0.081081 0.720313 0.079002 0.720313 0.074844 0.721875 0.072765 0.721875 0.068607 0.723437 0.066528 0.723437 0.062370 0.725000 0.060291 0.725000 0.058212 0.726562 0.056133 0.726562 0.051975 0.728125 0.049896 0.728125 0.047817 0.726562 0.045738 0.726562 0.043659 0.725000 0.041580 0.725000 0.039501 0.723437 0.037422 0.723437 0.035343 0.721875 0.033264 0.721875 0.031185 0.720313 0.029106 0.720313 0.027027 0.718750 0.024948 0.718750 0.022869 0.717187 0.020790 0.717187 0.018711
15 0.381250 0.313929 0.379688 0.311850 0.376563 0.311850 0.375000 0.309771 0.367188 0.309771 0.365625 0.307692 0.353125 0.307692 0.351562 0.305613 0.350000 0.307692 0.346875 0.307692 0.345313 0.309771 0.343750 0.309771 0.342187 0.311850 0.340625 0.311850 0.339062 0.313929 0.337500 0.313929 0.335938 0.316008 0.334375 0.316008 0.329688 0.320166 0.326562 0.320166 0.325000 0.322245 0.323437 0.322245 0.321875 0.324324 0.320312 0.324324 0.318750 0.326403 0.317188 0.326403 0.314063 0.330561 0.314063 0.332640 0.312500 0.334719 0.312500 0.336798 0.310937 0.338877 0.310937 0.340956 0.307812 0.347193 0.307812 0.355509 0.309375 0.357588 0.309375 0.363825 0.310937 0.365904 0.310937 0.372141 0.312500 0.374220 0.315625 0.374220 0.317188 0.376299 0.328125 0.376299 0.329688 0.378378 0.348438 0.378378 0.350000 0.380457 0.351562 0.378378 0.353125 0.378378 0.354687 0.376299 0.356250 0.376299 0.357812 0.374220 0.359375 0.374220 0.360938 0.372141 0.362500 0.372141 0.364063 0.370062 0.365625 0.370062 0.367188 0.367983 0.368750 0.367983 0.371875 0.363825 0.373437 0.363825 0.378125 0.359667 0.381250 0.359667 0.382812 0.357588 0.384375 0.357588 0.385937 0.355509 0.387500 0.355509 0.389062 0.353430 0.389062 0.343035 0.387500 0.340956 0.387500 0.336798 0.385937 0.334719 0.385937 0.330561 0.384375 0.328482 0.384375 0.324324 0.382812 0.322245 0.382812 0.318087 0.381250 0.316008 0.381250 0.313929
15 0.259375 0.216216 0.256250 0.216216 0.254688 0.214137 0.248438 0.214137 0.246875 0.212058 0.240625 0.212058 0.239063 0.209979 0.226562 0.209979 0.225000 0.207900 0.210938 0.207900 0.209375 0.205821 0.203125 0.205821 0.203125 0.209979 0.206250 0.216216 0.212500 0.216216 0.214062 0.218295 0.240625 0.218295 0.243750 0.222453 0.242188 0.224532 0.226562 0.224532 0.225000 0.226611 0.195312 0.226611 0.193750 0.228690 0.165625 0.228690 0.171875 0.239085 0.175000 0.239085 0.176563 0.241164 0.184375 0.241164 0.185938 0.243243 0.190625 0.243243 0.201563 0.253638 0.203125 0.253638 0.207813 0.259875 0.207813 0.276507 0.214062 0.293139 0.214062 0.297297 0.217188 0.305613 0.218750 0.305613 0.218750 0.280665 0.223438 0.268191 0.223438 0.264033 0.228125 0.251559 0.228125 0.247401 0.229687 0.245322 0.234375 0.245322 0.235937 0.243243 0.242188 0.243243 0.243750 0.241164 0.248438 0.241164 0.250000 0.239085 0.254688 0.239085 0.257812 0.237006 0.265625 0.228690 0.265625 0.224532 0.259375 0.216216
15 0.314063 0.185031 0.307812 0.185031 0.306250 0.182952 0.298438 0.182952 0.296875 0.180873 0.287500 0.180873 0.285938 0.178794 0.284375 0.178794 0.282813 0.180873 0.279687 0.180873 0.281250 0.180873 0.282813 0.182952 0.284375 0.182952 0.285938 0.185031 0.287500 0.185031 0.289062 0.187110 0.292187 0.187110 0.293750 0.189189 0.292187 0.191268 0.285938 0.191268 0.284375 0.193347 0.275000 0.193347 0.273438 0.195426 0.264062 0.195426 0.262500 0.197505 0.256250 0.197505 0.254688 0.199584 0.253125 0.199584 0.251563 0.201663 0.248438 0.201663 0.246875 0.203742 0.251563 0.209979 0.251563 0.212058 0.287500 0.212058 0.289062 0.209979 0.292187 0.209979 0.293750 0.207900 0.296875 0.207900 0.298438 0.205821 0.300000 0.205821 0.301563 0.203742 0.303125 0.203742 0.306250 0.199584 0.307812 0.199584 0.310937 0.195426 0.310937 0.191268 0.312500 0.189189 0.312500 0.187110 0.314063 0.185031
15 0.003125 0.309771 0.000000 0.313929 0.000000 0.384615 0.015625 0.384615 0.017188 0.386694 0.021875 0.386694 0.028125 0.390852 0.029687 0.401247 0.032813 0.407484 0.035937 0.422037 0.040625 0.432432 0.042188 0.442827 0.045312 0.449064 0.045312 0.453222 0.048438 0.459459 0.048438 0.463617 0.053125 0.478170 0.068750 0.478170 0.070312 0.476091 0.085938 0.476091 0.087500 0.474012 0.095312 0.474012 0.098437 0.467775 0.081250 0.449064 0.079687 0.449064 0.064062 0.430353 0.062500 0.430353 0.051562 0.415800 0.042188 0.397089 0.050000 0.386694 0.057813 0.382536 0.071875 0.357588 0.071875 0.353430 0.075000 0.345114 0.075000 0.320166 0.068750 0.318087 0.057813 0.309771 0.003125 0.309771
28 0.215625 0.008316 0.215625 0.016632 0.214062 0.018711 0.214062 0.029106 0.212500 0.031185 0.212500 0.041580 0.210938 0.043659 0.210938 0.054054 0.209375 0.056133 0.209375 0.066528 0.207813 0.068607 0.207813 0.076923 0.206250 0.079002 0.206250 0.099792 0.204687 0.101871 0.204687 0.106029 0.214062 0.118503 0.215625 0.118503 0.217188 0.120582 0.240625 0.120582 0.242188 0.118503 0.251563 0.118503 0.254688 0.112266 0.254688 0.106029 0.253125 0.103950 0.253125 0.099792 0.251563 0.097713 0.251563 0.095634 0.250000 0.093555 0.250000 0.091476 0.248438 0.089397 0.248438 0.087318 0.246875 0.085239 0.246875 0.083160 0.243750 0.076923 0.243750 0.072765 0.242188 0.070686 0.242188 0.068607 0.240625 0.066528 0.240625 0.064449 0.239063 0.062370 0.239063 0.060291 0.237500 0.058212 0.237500 0.056133 0.234375 0.049896 0.234375 0.045738 0.232813 0.043659 0.232813 0.041580 0.231250 0.039501 0.231250 0.037422 0.229687 0.035343 0.229687 0.033264 0.228125 0.031185 0.228125 0.029106 0.226562 0.027027 0.226562 0.024948 0.225000 0.022869 0.225000 0.020790 0.223438 0.018711 0.223438 0.016632 0.217188 0.008316 0.215625 0.008316
28 0.164062 0.002079 0.164062 0.066528 0.162500 0.068607 0.162500 0.074844 0.165625 0.079002 0.165625 0.081081 0.168750 0.085239 0.168750 0.087318 0.171875 0.091476 0.184375 0.091476 0.185938 0.093555 0.203125 0.093555 0.203125 0.089397 0.204687 0.087318 0.204687 0.066528 0.206250 0.064449 0.206250 0.056133 0.204687 0.054054 0.204687 0.049896 0.203125 0.047817 0.203125 0.043659 0.201563 0.041580 0.201563 0.037422 0.200000 0.035343 0.200000 0.031185 0.198437 0.029106 0.198437 0.024948 0.196875 0.022869 0.196875 0.018711 0.195312 0.016632 0.195312 0.010395 0.193750 0.008316 0.193750 0.004158 0.192188 0.002079 0.164062 0.002079
28 0.465625 0.004158 0.459375 0.062370 0.478125 0.064449 0.479687 0.066528 0.492188 0.066528 0.493750 0.068607 0.521875 0.070686 0.523438 0.072765 0.553125 0.074844 0.556250 0.079002 0.562500 0.195426 0.582812 0.197505 0.582812 0.176715 0.584375 0.174636 0.584375 0.153846 0.585938 0.151767 0.590625 0.064449 0.603125 0.056133 0.621875 0.035343 0.618750 0.020790 0.617188 0.000000 0.465625 0.004158
31 0.907813 0.465696 0.896875 0.434511 0.837500 0.455301 0.817187 0.442827 0.754687 0.291060 0.718750 0.264033 0.640625 0.257796 0.592187 0.272349 0.498437 0.361746 0.465625 0.374220 0.460938 0.399168 0.437500 0.411642 0.415625 0.409563 0.317188 0.461538 0.195312 0.478170 0.178125 0.488565 0.175000 0.515593 0.209375 0.577963 0.221875 0.584200 0.357812 0.590437 0.387500 0.546778 0.403125 0.548857 0.403125 0.538462 0.207813 0.550936 0.196875 0.534304 0.195312 0.513514 0.203125 0.492723 0.228125 0.478170 0.273438 0.507277 0.300000 0.513514 0.398438 0.474012 0.404687 0.449064 0.503125 0.399168 0.554688 0.401247 0.620313 0.426195 0.693750 0.434511 0.718750 0.459459 0.746875 0.461538 0.739062 0.444906 0.748437 0.434511 0.814063 0.484407 0.846875 0.523909 0.907813 0.465696
47 0.596875 0.498960 0.596875 0.523909 0.601562 0.546778 0.603125 0.584200 0.620313 0.644491 0.642188 0.673597 0.646875 0.675676 0.656250 0.692308 0.679688 0.708940 0.729688 0.717256 0.753125 0.713098 0.770312 0.696466 0.807813 0.700624 0.837500 0.694387 0.871875 0.673597 0.884375 0.644491 0.878125 0.607069 0.862500 0.592516 0.840625 0.584200 0.846875 0.546778 0.842187 0.515593 0.803125 0.478170 0.729688 0.459459 0.634375 0.467775 0.610938 0.480249 0.596875 0.498960
49 0.470313 0.596674 0.479687 0.642412 0.479687 0.679834 0.587500 0.898129 0.620313 0.923077 0.631250 0.889813 0.589063 0.827443 0.521875 0.686071 0.470313 0.596674
50 0.542188 0.577963 0.542188 0.580042 0.556250 0.598753 0.556250 0.600832 0.603125 0.667360 0.604688 0.690229 0.596875 0.704782 0.595313 0.711019 0.615625 0.738046 0.620313 0.738046 0.621875 0.740125 0.631250 0.740125 0.632812 0.742204 0.660937 0.742204 0.664062 0.744283 0.667188 0.740125 0.670312 0.729730 0.673438 0.725572 0.668750 0.719335 0.668750 0.717256 0.664062 0.711019 0.657813 0.698545 0.653125 0.698545 0.651563 0.696466 0.640625 0.694387 0.634375 0.690229 0.623437 0.688150 0.618750 0.679834 0.614062 0.656965 0.551562 0.573805 0.545312 0.577963 0.542188 0.577963
61 0.453125 0.563410 0.406250 0.561331 0.404687 0.550936 0.387500 0.548857 0.279687 0.711019 0.295312 0.767152 0.334375 0.808732 0.351562 0.837838 0.354687 0.837838 0.365625 0.827443 0.398438 0.835759 0.425000 0.835759 0.414062 0.796258 0.454688 0.715177 0.473438 0.690229 0.475000 0.625780 0.470313 0.607069 0.471875 0.592516 0.464062 0.584200 0.453125 0.563410
64 0.381250 0.103950 0.379688 0.103950 0.360938 0.128898 0.351562 0.128898 0.351562 0.133056 0.348438 0.141372 0.343750 0.147609 0.342187 0.147609 0.342187 0.151767 0.346875 0.164241 0.345313 0.166320 0.345313 0.174636 0.346875 0.174636 0.350000 0.178794 0.334375 0.189189 0.339062 0.197505 0.340625 0.212058 0.343750 0.216216 0.343750 0.218295 0.348438 0.224532 0.351562 0.226611 0.351562 0.239085 0.353125 0.239085 0.357812 0.245322 0.357812 0.247401 0.365625 0.247401 0.367188 0.245322 0.376563 0.245322 0.378125 0.243243 0.396875 0.243243 0.403125 0.239085 0.410938 0.230769 0.409375 0.228690 0.409375 0.218295 0.407813 0.216216 0.417187 0.201663 0.417187 0.195426 0.418750 0.193347 0.418750 0.185031 0.420312 0.182952 0.420312 0.174636 0.421875 0.172557 0.423438 0.158004 0.432812 0.141372 0.414062 0.141372 0.406250 0.130977 0.404687 0.130977 0.396875 0.120582 0.395313 0.120582 0.381250 0.103950
67 0.178125 0.717256 0.184375 0.717256 0.193750 0.711019 0.196875 0.706861 0.204687 0.702703 0.207813 0.698545 0.215625 0.694387 0.218750 0.690229 0.226562 0.686071 0.229687 0.681913 0.237500 0.677755 0.240625 0.673597 0.248438 0.669439 0.273438 0.648649 0.284375 0.642412 0.287500 0.638254 0.298438 0.632017 0.301563 0.627859 0.312500 0.621622 0.315625 0.617464 0.323437 0.613306 0.351562 0.590437 0.339062 0.588358 0.337500 0.586279 0.314063 0.586279 0.312500 0.584200 0.232813 0.590437 0.209375 0.580042 0.198437 0.559252 0.195312 0.557173 0.190625 0.565489 0.168750 0.652807 0.168750 0.665281 0.173437 0.683992 0.173437 0.692308 0.175000 0.694387 0.178125 0.717256 0.401562 0.469854 0.398438 0.476091 0.389062 0.480249 0.384375 0.480249 0.373437 0.486486 0.368750 0.486486 0.357812 0.492723 0.353125 0.492723 0.342187 0.498960 0.337500 0.498960 0.331250 0.503119 0.326562 0.503119 0.315625 0.509356 0.310937 0.509356 0.300000 0.515593 0.273438 0.509356 0.235937 0.486486 0.226562 0.505198 0.206250 0.538462 0.204687 0.544699 0.207813 0.548857 0.214062 0.548857 0.215625 0.546778 0.242188 0.546778 0.243750 0.544699 0.267188 0.544699 0.268750 0.542620 0.315625 0.540541 0.317188 0.538462 0.368750 0.538462 0.370312 0.536383 0.395313 0.536383 0.395313 0.528067 0.400000 0.513514 0.400000 0.478170 0.401562 0.476091 0.401562 0.469854 0.410938 0.353430 0.387500 0.332640 0.390625 0.343035 0.390625 0.353430 0.387500 0.357588 0.381250 0.361746 0.378125 0.361746 0.368750 0.370062 0.265625 0.436590 0.256250 0.451143 0.246875 0.469854 0.267188 0.469854 0.268750 0.467775 0.276562 0.467775 0.278125 0.465696 0.287500 0.465696 0.289062 0.463617 0.298438 0.463617 0.300000 0.461538 0.309375 0.461538 0.310937 0.459459 0.323437 0.457380 0.329688 0.453222 0.334375 0.453222 0.340625 0.449064 0.345313 0.449064 0.346875 0.446985 0.354687 0.444906 0.362500 0.438669 0.365625 0.438669 0.376563 0.430353 0.379688 0.430353 0.390625 0.422037 0.393750 0.422037 0.404687 0.413721 0.407813 0.413721 0.415625 0.407484 0.415625 0.392931 0.414062 0.390852 0.414062 0.378378 0.412500 0.376299 0.410938 0.353430 0.315625 0.326403 0.314063 0.328482 0.312500 0.328482 0.312500 0.332640 0.312500 0.330561 0.315625 0.326403 0.985938 0.345114 0.776563 0.326403 0.829688 0.434511 0.887500 0.405405 0.931250 0.478170 0.854688 0.519751 0.900000 0.667360 0.871875 0.758836 0.839063 0.781705 0.584375 0.781705 0.576562 0.798337 0.632812 0.889813 0.620313 0.925156 0.585938 0.898129 0.557813 0.839917 0.540625 0.873181 0.245312 0.960499 0.248438 0.991684 0.990625 0.995842 0.996875 0.885655 0.985938 0.345114
67 0.415625 0.226611 0.417187 0.239085 0.493750 0.243243 0.495312 0.245322 0.553125 0.243243 0.554688 0.241164 0.604688 0.241164 0.606250 0.239085 0.637500 0.243243 0.728125 0.243243 0.748437 0.237006 0.742188 0.218295 0.695312 0.199584 0.628125 0.201663 0.606250 0.197505 0.585938 0.197505 0.584375 0.199584 0.559375 0.197505 0.557813 0.199584 0.518750 0.201663 0.496875 0.207900 0.490625 0.207900 0.478125 0.201663 0.426563 0.218295 0.415625 0.226611
84 0.598437 0.488565 0.575000 0.432432 0.554688 0.403326 0.431250 0.440748 0.403125 0.453222 0.401562 0.509356 0.403125 0.511435 0.406250 0.559252 0.453125 0.561331 0.465625 0.584200 0.475000 0.594595 0.481250 0.592516 0.543750 0.592516 0.548438 0.590437 0.540625 0.580042 0.543750 0.571726 0.553125 0.571726 0.565625 0.586279 0.598437 0.584200 0.601562 0.577963 0.598437 0.532225 0.587500 0.498960 0.589063 0.494802 0.598437 0.488565
