49 0.864062 0.206250 0.854688 0.212500 0.843750 0.241667 0.842187 0.262500 0.840625 0.264583 0.839063 0.293750 0.837500 0.295833 0.837500 0.316667 0.835938 0.318750 0.835938 0.337500 0.834375 0.339583 0.834375 0.358333 0.832812 0.360417 0.831250 0.402083 0.829688 0.404167 0.828125 0.460417 0.826562 0.462500 0.826562 0.483333 0.829688 0.491667 0.837500 0.491667 0.837500 0.487500 0.839063 0.485417 0.839063 0.479167 0.842187 0.468750 0.842187 0.460417 0.845313 0.450000 0.845313 0.441667 0.848437 0.431250 0.848437 0.422917 0.851562 0.412500 0.850000 0.410417 0.848437 0.391667 0.853125 0.383333 0.857812 0.381250 0.860938 0.377083 0.860938 0.372917 0.862500 0.370833 0.862500 0.354167 0.864062 0.352083 0.864062 0.335417 0.865625 0.333333 0.865625 0.233333 0.864062 0.231250 0.864062 0.206250
49 0.890625 0.210417 0.889062 0.247917 0.887500 0.250000 0.887500 0.268750 0.885938 0.270833 0.885938 0.289583 0.884375 0.291667 0.884375 0.310417 0.882812 0.312500 0.881250 0.350000 0.879687 0.352083 0.879687 0.370833 0.878125 0.372917 0.878125 0.379167 0.875000 0.385417 0.873437 0.425000 0.871875 0.427083 0.871875 0.447917 0.870313 0.450000 0.870313 0.464583 0.868750 0.466667 0.868750 0.483333 0.879687 0.497917 0.879687 0.495833 0.889062 0.483333 0.889062 0.479167 0.884375 0.470833 0.885938 0.468750 0.885938 0.456250 0.887500 0.454167 0.887500 0.439583 0.889062 0.437500 0.890625 0.406250 0.895312 0.395833 0.892188 0.387500 0.892188 0.377083 0.893750 0.375000 0.895312 0.329167 0.896875 0.327083 0.896875 0.302083 0.898438 0.300000 0.898438 0.270833 0.900000 0.266667 0.898438 0.264583 0.895312 0.229167 0.893750 0.227083 0.893750 0.220833 0.890625 0.214583 0.890625 0.210417
49 0.818750 0.220833 0.798438 0.241667 0.796875 0.258333 0.795312 0.260417 0.795312 0.270833 0.793750 0.272917 0.793750 0.281250 0.792188 0.283333 0.792188 0.291667 0.790625 0.293750 0.792188 0.395833 0.790625 0.397917 0.790625 0.418750 0.789062 0.420833 0.789062 0.441667 0.787500 0.443750 0.785937 0.485417 0.792188 0.489583 0.795312 0.489583 0.796875 0.493750 0.806250 0.487500 0.804688 0.485417 0.804688 0.452083 0.806250 0.450000 0.806250 0.427083 0.807813 0.425000 0.807813 0.404167 0.809375 0.402083 0.809375 0.395833 0.814063 0.391667 0.817187 0.391667 0.823438 0.387500 0.823438 0.341667 0.821875 0.339583 0.821875 0.289583 0.820312 0.287500 0.820312 0.235417 0.818750 0.233333 0.818750 0.220833
49 0.770312 0.264583 0.770312 0.266667 0.759375 0.281250 0.759375 0.283333 0.754687 0.291667 0.754687 0.312500 0.753125 0.314583 0.753125 0.337500 0.751563 0.339583 0.751563 0.360417 0.750000 0.362500 0.750000 0.389583 0.748437 0.391667 0.748437 0.418750 0.746875 0.420833 0.746875 0.447917 0.745313 0.450000 0.745313 0.481250 0.748437 0.483333 0.756250 0.483333 0.757812 0.479167 0.757812 0.470833 0.756250 0.468750 0.756250 0.458333 0.757812 0.456250 0.757812 0.447917 0.759375 0.445833 0.759375 0.412500 0.757812 0.410417 0.757812 0.400000 0.764062 0.393750 0.773438 0.393750 0.773438 0.354167 0.771875 0.352083 0.771875 0.335417 0.773438 0.333333 0.773438 0.283333 0.771875 0.281250 0.771875 0.270833 0.770312 0.268750 0.770312 0.264583
49 0.937500 0.202083 0.931250 0.206250 0.920312 0.225000 0.920312 0.270833 0.918750 0.272917 0.918750 0.293750 0.917188 0.295833 0.917188 0.310417 0.915625 0.312500 0.915625 0.325000 0.914062 0.327083 0.914062 0.339583 0.912500 0.341667 0.912500 0.356250 0.910937 0.358333 0.909375 0.385417 0.906250 0.393750 0.907813 0.395833 0.907813 0.404167 0.906250 0.406250 0.906250 0.416667 0.904687 0.418750 0.904687 0.427083 0.903125 0.429167 0.903125 0.437500 0.900000 0.450000 0.900000 0.460417 0.898438 0.462500 0.898438 0.472917 0.896875 0.475000 0.896875 0.493750 0.898438 0.495833 0.912500 0.495833 0.917188 0.489583 0.910937 0.483333 0.910937 0.470833 0.915625 0.458333 0.918750 0.445833 0.918750 0.437500 0.920312 0.435417 0.918750 0.433333 0.917188 0.414583 0.923438 0.406250 0.925000 0.385417 0.926562 0.383333 0.926562 0.356250 0.928125 0.354167 0.928125 0.337500 0.929688 0.335417 0.928125 0.310417 0.929688 0.308333 0.929688 0.293750 0.931250 0.291667 0.931250 0.279167 0.932813 0.277083 0.932813 0.264583 0.934375 0.262500 0.934375 0.239583 0.932813 0.237500 0.932813 0.231250 0.934375 0.229167 0.935937 0.204167 0.937500 0.202083
78 0.001563 0.095833 0.000000 0.387500 0.137500 0.391667 0.134375 0.375000 0.126562 0.258333 0.132812 0.252083 0.182812 0.225000 0.181250 0.100000 0.140625 0.097917 0.120313 0.091667 0.001563 0.095833
79 0.651563 0.422917 0.273438 0.429167 0.275000 0.606250 0.215625 0.810417 0.232813 0.977083 0.735938 0.983333 0.740625 0.808333 0.664062 0.610417 0.664062 0.531250 0.651563 0.422917
84 0.884375 0.733333 0.882812 0.731250 0.882812 0.729167 0.876563 0.720833 0.876563 0.718750 0.870313 0.710417 0.870313 0.708333 0.862500 0.697917 0.862500 0.695833 0.842187 0.695833 0.840625 0.697917 0.801562 0.697917 0.800000 0.700000 0.760938 0.700000 0.759375 0.702083 0.746875 0.702083 0.746875 0.704167 0.745313 0.706250 0.745313 0.725000 0.748437 0.729167 0.748437 0.731250 0.756250 0.741667 0.756250 0.743750 0.762500 0.752083 0.762500 0.754167 0.764062 0.756250 0.812500 0.756250 0.812500 0.754167 0.809375 0.747917 0.809375 0.743750 0.812500 0.737500 0.834375 0.737500 0.835938 0.735417 0.859375 0.735417 0.860938 0.733333 0.884375 0.733333
84 0.801562 0.845833 0.801562 0.856250 0.850000 0.941667 0.856250 0.941667 0.857812 0.939583 0.884375 0.939583 0.885938 0.937500 0.907813 0.937500 0.909375 0.935417 0.929688 0.935417 0.931250 0.933333 0.951562 0.933333 0.953125 0.931250 0.973437 0.931250 0.975000 0.929167 0.993750 0.929167 0.998437 0.920833 0.996875 0.912500 0.985938 0.893750 0.984375 0.893750 0.978125 0.904167 0.959375 0.904167 0.957812 0.902083 0.918750 0.902083 0.917188 0.900000 0.879687 0.900000 0.878125 0.897917 0.867188 0.897917 0.862500 0.889583 0.850000 0.839583 0.823438 0.841667 0.821875 0.843750 0.806250 0.843750 0.801562 0.845833
84 0.776563 0.762500 0.781250 0.770833 0.782813 0.777083 0.785937 0.781250 0.793750 0.802083 0.796875 0.806250 0.804688 0.827083 0.815625 0.827083 0.817187 0.829167 0.848437 0.829167 0.853125 0.814583 0.875000 0.814583 0.876563 0.816667 0.921875 0.816667 0.923438 0.818750 0.953125 0.818750 0.951562 0.818750 0.940625 0.804167 0.921875 0.804167 0.920312 0.802083 0.900000 0.802083 0.898438 0.800000 0.878125 0.800000 0.876563 0.797917 0.856250 0.797917 0.854688 0.795833 0.834375 0.795833 0.832812 0.793750 0.826562 0.793750 0.823438 0.789583 0.812500 0.760417 0.804688 0.760417 0.803125 0.762500 0.776563 0.762500
