1 0.495312 0.426230 0.489063 0.435597 0.489063 0.437939 0.490625 0.440281 0.490625 0.447307 0.489063 0.449649 0.485938 0.449649 0.479687 0.459016 0.478125 0.459016 0.475000 0.463700 0.473438 0.463700 0.471875 0.466042 0.470313 0.466042 0.471875 0.466042 0.473438 0.468384 0.473438 0.482436 0.475000 0.482436 0.476562 0.484778 0.481250 0.484778 0.482812 0.482436 0.482812 0.480094 0.484375 0.477752 0.484375 0.473068 0.489063 0.466042 0.489063 0.463700 0.490625 0.461358 0.492188 0.463700 0.492188 0.496487 0.493750 0.498829 0.495312 0.498829 0.496875 0.501171 0.503125 0.501171 0.503125 0.498829 0.501563 0.496487 0.501563 0.491803 0.500000 0.489461 0.501563 0.487119 0.501563 0.482436 0.503125 0.480094 0.503125 0.477752 0.504687 0.475410 0.504687 0.470726 0.506250 0.468384 0.506250 0.463700 0.507812 0.461358 0.507812 0.454333 0.509375 0.451991 0.509375 0.440281 0.507812 0.437939 0.507812 0.430913 0.506250 0.428571 0.506250 0.426230 0.495312 0.426230
1 0.546875 0.327869 0.539062 0.330211 0.531250 0.341920 0.531250 0.374707 0.548438 0.400468 0.537500 0.442623 0.537500 0.468384 0.550000 0.470726 0.537500 0.592506 0.559375 0.721311 0.564063 0.733021 0.571875 0.737705 0.567187 0.747073 0.560937 0.747073 0.562500 0.775176 0.576562 0.775176 0.573438 0.702576 0.568750 0.690867 0.570312 0.683841 0.592187 0.700234 0.606250 0.716628 0.606250 0.763466 0.612500 0.756440 0.623437 0.716628 0.603125 0.695550 0.595313 0.672131 0.571875 0.653396 0.565625 0.641686 0.579688 0.585480 0.593750 0.566745 0.593750 0.526932 0.585938 0.510539 0.585938 0.461358 0.589063 0.433255 0.582812 0.412178 0.575000 0.351288 0.559375 0.330211 0.546875 0.327869
1 0.340625 0.524590 0.340625 0.529274 0.342187 0.531616 0.342187 0.536300 0.343750 0.538642 0.343750 0.543326 0.345313 0.543326 0.346875 0.540984 0.351562 0.540984 0.353125 0.538642 0.356250 0.538642 0.357812 0.536300 0.360938 0.536300 0.362500 0.538642 0.364063 0.538642 0.365625 0.540984 0.367188 0.540984 0.368750 0.543326 0.370312 0.543326 0.371875 0.545667 0.373437 0.545667 0.375000 0.548009 0.376563 0.548009 0.379688 0.552693 0.381250 0.552693 0.382812 0.555035 0.384375 0.555035 0.385937 0.557377 0.387500 0.557377 0.389062 0.559719 0.392188 0.559719 0.393750 0.562061 0.395313 0.562061 0.396875 0.564403 0.412500 0.564403 0.414062 0.566745 0.415625 0.566745 0.414062 0.564403 0.410938 0.564403 0.409375 0.562061 0.407813 0.562061 0.404687 0.557377 0.403125 0.557377 0.398438 0.550351 0.396875 0.550351 0.393750 0.545667 0.392188 0.545667 0.387500 0.538642 0.385937 0.538642 0.381250 0.531616 0.379688 0.531616 0.375000 0.524590 0.373437 0.524590 0.368750 0.517564 0.362500 0.517564 0.360938 0.519906 0.354687 0.519906 0.353125 0.522248 0.346875 0.522248 0.345313 0.524590 0.340625 0.524590
1 0.925000 0.456674 0.923438 0.459016 0.920312 0.459016 0.915625 0.466042 0.914062 0.466042 0.914062 0.468384 0.912500 0.470726 0.912500 0.482436 0.910937 0.484778 0.910937 0.489461 0.909375 0.491803 0.909375 0.494145 0.903125 0.510539 0.903125 0.515222 0.900000 0.522248 0.900000 0.526932 0.904687 0.533958 0.906250 0.533958 0.906250 0.531616 0.909375 0.524590 0.912500 0.529274 0.912500 0.555035 0.915625 0.555035 0.917188 0.557377 0.920312 0.557377 0.921875 0.559719 0.926562 0.559719 0.928125 0.562061 0.931250 0.562061 0.932813 0.564403 0.935937 0.564403 0.937500 0.566745 0.948438 0.552693 0.948438 0.538642 0.946875 0.536300 0.946875 0.526932 0.945312 0.524590 0.942187 0.524590 0.940625 0.522248 0.939063 0.522248 0.935937 0.517564 0.935937 0.508197 0.937500 0.505855 0.957812 0.505855 0.959375 0.508197 0.970313 0.508197 0.971875 0.505855 0.976562 0.503513 0.973437 0.498829 0.973437 0.496487 0.968750 0.489461 0.957812 0.489461 0.956250 0.491803 0.939063 0.491803 0.937500 0.489461 0.934375 0.489461 0.932813 0.487119 0.931250 0.487119 0.929688 0.484778 0.929688 0.466042 0.928125 0.463700 0.926562 0.456674 0.925000 0.456674
1 0.259375 0.524590 0.231250 0.548009 0.195312 0.557377 0.214062 0.639344 0.214062 0.651054 0.206250 0.669789 0.218750 0.665105 0.221875 0.674473 0.232813 0.662763 0.243750 0.639344 0.246875 0.646370 0.242188 0.695550 0.243750 0.749415 0.231250 0.812646 0.231250 0.882904 0.245312 0.885246 0.240625 0.875878 0.253125 0.829040 0.260937 0.770492 0.267188 0.756440 0.270313 0.700234 0.284375 0.655738 0.287500 0.655738 0.282813 0.711944 0.282813 0.768150 0.290625 0.807963 0.293750 0.871194 0.290625 0.918033 0.309375 0.915691 0.309375 0.871194 0.314063 0.831382 0.306250 0.737705 0.317188 0.686183 0.325000 0.611241 0.312500 0.557377 0.287500 0.515222 0.259375 0.524590
1 0.865625 0.374707 0.864062 0.377049 0.862500 0.377049 0.860938 0.379391 0.859375 0.379391 0.857812 0.381733 0.859375 0.384075 0.859375 0.388759 0.860938 0.391101 0.860938 0.395785 0.862500 0.398126 0.862500 0.400468 0.859375 0.405152 0.857812 0.405152 0.854688 0.409836 0.854688 0.414520 0.853125 0.416862 0.853125 0.419204 0.851562 0.421546 0.851562 0.423888 0.850000 0.426230 0.850000 0.428571 0.848437 0.430913 0.848437 0.435597 0.846875 0.437939 0.848437 0.437939 0.851562 0.433255 0.853125 0.433255 0.854688 0.430913 0.856250 0.430913 0.857812 0.433255 0.857812 0.435597 0.862500 0.442623 0.862500 0.444965 0.867188 0.451991 0.867188 0.454333 0.868750 0.456674 0.868750 0.470726 0.870313 0.470726 0.871875 0.468384 0.873437 0.468384 0.875000 0.466042 0.878125 0.466042 0.879687 0.463700 0.879687 0.459016 0.881250 0.456674 0.881250 0.444965 0.882812 0.442623 0.882812 0.421546 0.881250 0.419204 0.881250 0.414520 0.879687 0.412178 0.879687 0.407494 0.878125 0.405152 0.878125 0.402810 0.876563 0.402810 0.875000 0.400468 0.873437 0.400468 0.871875 0.398126 0.868750 0.398126 0.867188 0.395785 0.867188 0.384075 0.865625 0.381733 0.865625 0.374707
1 0.779687 0.351288 0.771875 0.360656 0.770312 0.377049 0.773438 0.391101 0.771875 0.400468 0.776563 0.402810 0.781250 0.412178 0.789062 0.409836 0.792188 0.416862 0.785937 0.461358 0.790625 0.482436 0.781250 0.510539 0.781250 0.526932 0.796875 0.519906 0.806250 0.487119 0.809375 0.489461 0.814063 0.508197 0.796875 0.583138 0.795312 0.604215 0.793750 0.606557 0.787500 0.592506 0.778125 0.651054 0.782813 0.665105 0.807813 0.693208 0.812500 0.714286 0.812500 0.763466 0.800000 0.777518 0.826562 0.777518 0.831250 0.756440 0.846875 0.718970 0.828125 0.693208 0.820312 0.658080 0.826562 0.594848 0.835938 0.571429 0.839063 0.548009 0.823438 0.491803 0.823438 0.444965 0.817187 0.416862 0.807813 0.405152 0.806250 0.374707 0.796875 0.348946 0.779687 0.351288
1 0.870313 0.327869 0.867188 0.327869 0.865625 0.330211 0.865625 0.334895 0.864062 0.337237 0.859375 0.337237 0.854688 0.344262 0.854688 0.374707 0.856250 0.377049 0.856250 0.402810 0.854688 0.405152 0.856250 0.402810 0.859375 0.402810 0.860938 0.400468 0.860938 0.398126 0.859375 0.395785 0.859375 0.391101 0.857812 0.388759 0.857812 0.384075 0.856250 0.381733 0.856250 0.379391 0.857812 0.377049 0.859375 0.377049 0.860938 0.374707 0.862500 0.374707 0.864062 0.372365 0.865625 0.372365 0.867188 0.374707 0.867188 0.381733 0.868750 0.384075 0.868750 0.395785 0.868750 0.381733 0.867188 0.379391 0.867188 0.372365 0.868750 0.370023 0.868750 0.362998 0.867188 0.360656 0.867188 0.358314 0.864062 0.353630 0.864062 0.346604 0.867188 0.341920 0.868750 0.341920 0.875000 0.332553 0.873437 0.332553 0.870313 0.327869
1 0.517188 0.405152 0.510938 0.414520 0.509375 0.414520 0.509375 0.421546 0.510938 0.423888 0.510938 0.435597 0.512500 0.437939 0.512500 0.459016 0.514062 0.461358 0.514062 0.463700 0.517188 0.468384 0.517188 0.470726 0.518750 0.473068 0.518750 0.475410 0.520312 0.477752 0.520312 0.480094 0.523438 0.484778 0.523438 0.487119 0.529687 0.487119 0.529687 0.482436 0.528125 0.480094 0.528125 0.475410 0.526563 0.473068 0.526563 0.437939 0.528125 0.435597 0.528125 0.423888 0.526563 0.421546 0.526563 0.412178 0.525000 0.409836 0.525000 0.407494 0.523438 0.405152 0.517188 0.405152
1 0.287500 0.962529 0.296875 0.962529 0.298438 0.964871 0.317188 0.964871 0.320312 0.969555 0.323437 0.981265 0.323437 0.988290 0.328125 0.997658 0.357812 0.997658 0.359375 0.995316 0.367188 0.995316 0.371875 0.990632 0.376563 0.990632 0.378125 0.988290 0.387500 0.988290 0.389062 0.990632 0.421875 0.990632 0.423438 0.988290 0.431250 0.988290 0.435937 0.983607 0.439063 0.983607 0.440625 0.985948 0.439063 0.995316 0.442188 0.997658 0.471875 0.997658 0.467187 0.985948 0.457813 0.971897 0.451562 0.953162 0.446875 0.953162 0.445312 0.950820 0.437500 0.948478 0.418750 0.922717 0.392188 0.896956 0.376563 0.868852 0.373437 0.866511 0.365625 0.866511 0.364063 0.864169 0.359375 0.864169 0.357812 0.866511 0.346875 0.866511 0.345313 0.868852 0.339062 0.868852 0.331250 0.873536 0.325000 0.889930 0.329688 0.899297 0.321875 0.911007 0.315625 0.925059 0.310937 0.927400 0.296875 0.941452 0.287500 0.962529
1 0.850000 0.442623 0.848437 0.444965 0.846875 0.456674 0.842187 0.466042 0.842187 0.468384 0.839063 0.473068 0.839063 0.475410 0.835938 0.480094 0.834375 0.491803 0.831250 0.498829 0.831250 0.508197 0.832812 0.510539 0.832812 0.517564 0.834375 0.519906 0.834375 0.524590 0.835938 0.524590 0.837500 0.526932 0.848437 0.526932 0.851562 0.531616 0.851562 0.533958 0.854688 0.538642 0.854688 0.540984 0.856250 0.540984 0.857812 0.543326 0.865625 0.545667 0.867188 0.548009 0.868750 0.548009 0.873437 0.552693 0.876563 0.552693 0.884375 0.559719 0.887500 0.559719 0.889062 0.562061 0.893750 0.562061 0.895312 0.564403 0.900000 0.564403 0.901563 0.566745 0.903125 0.566745 0.901563 0.564403 0.901563 0.559719 0.898438 0.555035 0.896875 0.555035 0.892188 0.548009 0.890625 0.548009 0.881250 0.536300 0.879687 0.536300 0.878125 0.533958 0.867188 0.526932 0.864062 0.522248 0.862500 0.522248 0.850000 0.505855 0.850000 0.503513 0.853125 0.496487 0.856250 0.496487 0.857812 0.494145 0.867188 0.494145 0.868750 0.491803 0.871875 0.491803 0.884375 0.477752 0.889062 0.475410 0.890625 0.473068 0.890625 0.463700 0.882812 0.466042 0.881250 0.468384 0.870313 0.475410 0.864062 0.468384 0.867188 0.463700 0.867188 0.461358 0.865625 0.459016 0.865625 0.451991 0.860938 0.444965 0.860938 0.442623 0.857812 0.437939 0.850000 0.442623
1 0.976562 0.381733 0.976562 0.409836 0.975000 0.412178 0.975000 0.423888 0.973437 0.426230 0.973437 0.435597 0.973437 0.430913 0.975000 0.428571 0.975000 0.423888 0.978125 0.419204 0.979688 0.421546 0.979688 0.428571 0.981250 0.430913 0.981250 0.435597 0.982812 0.437939 0.982812 0.421546 0.981250 0.419204 0.981250 0.400468 0.982812 0.398126 0.984375 0.398126 0.982812 0.398126 0.981250 0.395785 0.981250 0.393443 0.979688 0.391101 0.979688 0.384075 0.978125 0.381733 0.976562 0.381733
1 0.921875 0.365340 0.920312 0.365340 0.918750 0.367681 0.918750 0.372365 0.917188 0.374707 0.917188 0.381733 0.918750 0.384075 0.918750 0.388759 0.920312 0.391101 0.920312 0.393443 0.921875 0.391101 0.923438 0.391101 0.921875 0.388759 0.921875 0.386417 0.920312 0.384075 0.920312 0.379391 0.925000 0.372365 0.923438 0.370023 0.923438 0.367681 0.921875 0.365340
1 0.120313 0.601874 0.120313 0.627635 0.125000 0.634660 0.125000 0.646370 0.128125 0.651054 0.128125 0.653396 0.123438 0.660422 0.123438 0.672131 0.128125 0.679157 0.137500 0.679157 0.139063 0.676815 0.159375 0.676815 0.160938 0.679157 0.178125 0.679157 0.179688 0.676815 0.184375 0.676815 0.185938 0.674473 0.189062 0.674473 0.192188 0.669789 0.193750 0.665105 0.193750 0.658080 0.189062 0.648712 0.179688 0.648712 0.175000 0.653396 0.170313 0.653396 0.168750 0.651054 0.143750 0.651054 0.142187 0.648712 0.143750 0.646370 0.154688 0.646370 0.157812 0.641686 0.159375 0.641686 0.162500 0.646370 0.171875 0.646370 0.178125 0.634660 0.181250 0.634660 0.185938 0.641686 0.195312 0.641686 0.200000 0.632319 0.200000 0.618267 0.195312 0.608899 0.181250 0.608899 0.179688 0.606557 0.159375 0.606557 0.157812 0.608899 0.153125 0.608899 0.151562 0.611241 0.143750 0.611241 0.142187 0.613583 0.139063 0.613583 0.137500 0.611241 0.137500 0.606557 0.135937 0.601874 0.132812 0.597190 0.123438 0.597190 0.120313 0.601874 0.073438 0.566745 0.070312 0.571429 0.070312 0.583138 0.073438 0.587822 0.073438 0.594848 0.079687 0.604215 0.079687 0.606557 0.081250 0.608899 0.081250 0.611241 0.087500 0.620609 0.087500 0.622951 0.089063 0.625293 0.089063 0.627635 0.093750 0.634660 0.095312 0.634660 0.101562 0.644028 0.110937 0.644028 0.112500 0.641686 0.112500 0.639344 0.114062 0.637002 0.114062 0.613583 0.115625 0.611241 0.115625 0.583138 0.114062 0.580796 0.106250 0.580796 0.104688 0.578454 0.100000 0.578454 0.098437 0.576112 0.096875 0.576112 0.095312 0.573770 0.092188 0.573770 0.090625 0.576112 0.087500 0.571429 0.087500 0.569087 0.085938 0.566745 0.073438 0.566745 0.332813 0.503513 0.332813 0.510539 0.337500 0.517564 0.351562 0.517564 0.356250 0.512881 0.357812 0.512881 0.360938 0.517564 0.362500 0.515222 0.368750 0.515222 0.373437 0.522248 0.375000 0.522248 0.379688 0.529274 0.381250 0.529274 0.385937 0.536300 0.387500 0.536300 0.392188 0.543326 0.393750 0.543326 0.396875 0.548009 0.398438 0.548009 0.403125 0.555035 0.404687 0.555035 0.407813 0.559719 0.409375 0.559719 0.410938 0.562061 0.414062 0.562061 0.417187 0.566745 0.421875 0.566745 0.426563 0.571429 0.431250 0.564403 0.431250 0.559719 0.432812 0.557377 0.432812 0.552693 0.431250 0.550351 0.431250 0.548009 0.428125 0.543326 0.418750 0.543326 0.417187 0.545667 0.415625 0.545667 0.412500 0.540984 0.412500 0.538642 0.407813 0.536300 0.401562 0.526932 0.396875 0.526932 0.393750 0.522248 0.392188 0.522248 0.384375 0.510539 0.379688 0.510539 0.376563 0.505855 0.375000 0.498829 0.368750 0.489461 0.367188 0.489461 0.365625 0.491803 0.362500 0.491803 0.357812 0.496487 0.353125 0.496487 0.351562 0.498829 0.345313 0.498829 0.343750 0.501171 0.337500 0.501171 0.335938 0.503513 0.332813 0.503513 0.892188 0.475410 0.889062 0.480094 0.887500 0.480094 0.885938 0.482436 0.884375 0.482436 0.882812 0.484778 0.881250 0.484778 0.876563 0.491803 0.875000 0.491803 0.875000 0.501171 0.870313 0.508197 0.870313 0.519906 0.873437 0.524590 0.873437 0.526932 0.876563 0.531616 0.878125 0.531616 0.879687 0.533958 0.887500 0.533958 0.890625 0.529274 0.890625 0.524590 0.892188 0.522248 0.892188 0.508197 0.893750 0.505855 0.893750 0.501171 0.892188 0.498829 0.892188 0.496487 0.893750 0.494145 0.893750 0.480094 0.892188 0.477752 0.892188 0.475410 0.592187 0.456674 0.592187 0.468384 0.596875 0.475410 0.596875 0.477752 0.601562 0.484778 0.603125 0.484778 0.604688 0.487119 0.607812 0.487119 0.609375 0.489461 0.614062 0.489461 0.615625 0.491803 0.657813 0.491803 0.660937 0.487119 0.660937 0.482436 0.662500 0.480094 0.662500 0.475410 0.660937 0.473068 0.660937 0.470726 0.657813 0.466042 0.626563 0.466042 0.625000 0.463700 0.625000 0.461358 0.623437 0.459016 0.623437 0.456674 0.620313 0.451991 0.617188 0.451991 0.615625 0.449649 0.596875 0.449649 0.592187 0.456674 0.745313 0.442623 0.740625 0.449649 0.740625 0.477752 0.750000 0.491803 0.750000 0.496487 0.754687 0.503513 0.764062 0.503513 0.767188 0.498829 0.767188 0.494145 0.768750 0.491803 0.768750 0.484778 0.767188 0.482436 0.767188 0.480094 0.762500 0.473068 0.762500 0.470726 0.759375 0.466042 0.759375 0.451991 0.757812 0.449649 0.757812 0.447307 0.754687 0.442623 0.745313 0.442623 0.762500 0.395785 0.757812 0.402810 0.757812 0.414520 0.762500 0.421546 0.771875 0.421546 0.775000 0.416862 0.775000 0.412178 0.776563 0.409836 0.776563 0.405152 0.773438 0.405152 0.770312 0.400468 0.770312 0.398126 0.771875 0.395785 0.762500 0.395785
28 0.206250 0.274005 0.268750 0.309133 0.342187 0.409836 0.348438 0.451991 0.307812 0.512881 0.323437 0.503513 0.357812 0.494145 0.378125 0.480094 0.395313 0.473068 0.346875 0.344262 0.334375 0.327869 0.282813 0.299766 0.214062 0.274005 0.206250 0.274005
28 0.223438 0.274005 0.246875 0.285714 0.289062 0.292740 0.339062 0.325527 0.343750 0.332553 0.392188 0.461358 0.401562 0.480094 0.460938 0.470726 0.453125 0.428571 0.354687 0.306792 0.317188 0.276347 0.229687 0.276347 0.223438 0.274005
28 0.359375 0.309133 0.362500 0.313817 0.364063 0.313817 0.371875 0.325527 0.373437 0.325527 0.381250 0.337237 0.382812 0.337237 0.401562 0.362998 0.403125 0.362998 0.410938 0.374707 0.412500 0.374707 0.421875 0.388759 0.423438 0.388759 0.440625 0.412178 0.442188 0.412178 0.450000 0.423888 0.451562 0.423888 0.456250 0.433255 0.456250 0.440281 0.457813 0.442623 0.457813 0.447307 0.459375 0.449649 0.459375 0.456674 0.460938 0.461358 0.464062 0.459016 0.467187 0.459016 0.468750 0.456674 0.479687 0.456674 0.485938 0.447307 0.489063 0.447307 0.490625 0.449649 0.489063 0.447307 0.489063 0.440281 0.487500 0.437939 0.489063 0.433255 0.487500 0.428571 0.487500 0.423888 0.478125 0.416862 0.475000 0.412178 0.470313 0.409836 0.467187 0.405152 0.462500 0.402810 0.459375 0.398126 0.454688 0.395785 0.451562 0.391101 0.446875 0.388759 0.443750 0.384075 0.439063 0.381733 0.435937 0.377049 0.431250 0.374707 0.428125 0.370023 0.423438 0.367681 0.420312 0.362998 0.415625 0.360656 0.412500 0.355972 0.407813 0.353630 0.404687 0.348946 0.400000 0.346604 0.396875 0.341920 0.392188 0.339578 0.389062 0.334895 0.384375 0.332553 0.381250 0.327869 0.376563 0.325527 0.373437 0.320843 0.365625 0.316159 0.359375 0.309133
28 0.695312 0.100703 0.693750 0.103044 0.693750 0.110070 0.692187 0.112412 0.692187 0.117096 0.689063 0.126464 0.689063 0.133489 0.685937 0.142857 0.685937 0.149883 0.684375 0.152225 0.684375 0.159251 0.682813 0.161593 0.682813 0.168618 0.681250 0.170960 0.681250 0.180328 0.679688 0.182670 0.679688 0.189696 0.678125 0.192037 0.678125 0.199063 0.676562 0.201405 0.676562 0.208431 0.675000 0.210773 0.675000 0.217799 0.673438 0.220141 0.673438 0.227166 0.671875 0.229508 0.671875 0.236534 0.670312 0.238876 0.670312 0.248244 0.668750 0.250585 0.668750 0.257611 0.667188 0.259953 0.667188 0.266979 0.665625 0.269321 0.665625 0.276347 0.664062 0.278689 0.664062 0.285714 0.662500 0.288056 0.662500 0.292740 0.670312 0.297424 0.676562 0.304450 0.684375 0.304450 0.685937 0.302108 0.695312 0.302108 0.698438 0.306792 0.709375 0.306792 0.710938 0.304450 0.715625 0.304450 0.715625 0.290398 0.717187 0.288056 0.717187 0.274005 0.718750 0.271663 0.718750 0.255269 0.720313 0.252927 0.720313 0.234192 0.718750 0.231850 0.718750 0.222482 0.717187 0.220141 0.717187 0.208431 0.715625 0.206089 0.715625 0.194379 0.714063 0.192037 0.714063 0.182670 0.712500 0.180328 0.712500 0.168618 0.710938 0.166276 0.710938 0.154567 0.709375 0.152225 0.709375 0.142857 0.707812 0.140515 0.707812 0.128806 0.706250 0.126464 0.706250 0.117096 0.704688 0.114754 0.704688 0.107728 0.695312 0.100703
28 0.442188 0.313817 0.443750 0.316159 0.446875 0.316159 0.448437 0.318501 0.451562 0.318501 0.453125 0.320843 0.456250 0.320843 0.457813 0.323185 0.460938 0.323185 0.462500 0.325527 0.465625 0.325527 0.467187 0.327869 0.468750 0.327869 0.506250 0.386417 0.509375 0.386417 0.510938 0.388759 0.514062 0.388759 0.515625 0.391101 0.517188 0.391101 0.523438 0.400468 0.523438 0.402810 0.526563 0.402810 0.528125 0.400468 0.540625 0.400468 0.542188 0.398126 0.542188 0.393443 0.540625 0.393443 0.532813 0.381733 0.532813 0.379391 0.529687 0.374707 0.529687 0.370023 0.531250 0.367681 0.531250 0.348946 0.529687 0.346604 0.529687 0.339578 0.534375 0.332553 0.535937 0.332553 0.537500 0.330211 0.535937 0.330211 0.534375 0.327869 0.531250 0.327869 0.529687 0.325527 0.526563 0.325527 0.521875 0.320843 0.518750 0.320843 0.517188 0.318501 0.514062 0.318501 0.512500 0.316159 0.509375 0.316159 0.507812 0.313817 0.506250 0.313817 0.504687 0.311475 0.501563 0.311475 0.500000 0.309133 0.479687 0.309133 0.478125 0.311475 0.456250 0.311475 0.454688 0.313817 0.442188 0.313817
28 0.726562 0.276347 0.726562 0.278689 0.729688 0.278689 0.731250 0.281030 0.734375 0.281030 0.735938 0.283372 0.765625 0.283372 0.767188 0.285714 0.773438 0.285714 0.775000 0.288056 0.775000 0.320843 0.776563 0.320843 0.778125 0.318501 0.781250 0.318501 0.781250 0.313817 0.782813 0.311475 0.782813 0.306792 0.784375 0.304450 0.784375 0.299766 0.785937 0.297424 0.785937 0.292740 0.787500 0.290398 0.790625 0.290398 0.792188 0.292740 0.795312 0.292740 0.796875 0.295082 0.800000 0.295082 0.801562 0.297424 0.806250 0.299766 0.807813 0.297424 0.809375 0.297424 0.812500 0.292740 0.814063 0.292740 0.825000 0.278689 0.826562 0.278689 0.826562 0.276347 0.823438 0.276347 0.821875 0.274005 0.817187 0.274005 0.815625 0.271663 0.812500 0.271663 0.810937 0.269321 0.807813 0.269321 0.806250 0.266979 0.803125 0.266979 0.800000 0.262295 0.798438 0.262295 0.793750 0.255269 0.792188 0.255269 0.789062 0.250585 0.779687 0.250585 0.778125 0.248244 0.770312 0.248244 0.768750 0.250585 0.760938 0.250585 0.759375 0.252927 0.754687 0.252927 0.753125 0.255269 0.751563 0.255269 0.750000 0.257611 0.748437 0.257611 0.746875 0.259953 0.745313 0.259953 0.743750 0.262295 0.742188 0.262295 0.740625 0.264637 0.739062 0.264637 0.737500 0.266979 0.732812 0.269321 0.728125 0.276347 0.726562 0.276347
28 0.023438 0.224824 0.140625 0.311475 0.209375 0.395785 0.254688 0.503513 0.245312 0.531616 0.318750 0.494145 0.346875 0.451991 0.340625 0.412178 0.265625 0.309133 0.178125 0.259953 0.110937 0.250585 0.034375 0.222482 0.023438 0.224824
28 0.104688 0.819672 0.104688 0.826698 0.107813 0.831382 0.107813 0.826698 0.106250 0.824356 0.106250 0.822014 0.104688 0.819672 0.000000 0.227166 0.000000 0.318501 0.123438 0.470726 0.121875 0.543326 0.118750 0.557377 0.112500 0.667447 0.115625 0.674473 0.123438 0.531616 0.181250 0.522248 0.185938 0.552693 0.231250 0.543326 0.239063 0.538642 0.248438 0.503513 0.245312 0.484778 0.221875 0.426230 0.176563 0.358314 0.150000 0.325527 0.118750 0.297424 0.060937 0.255269 0.000000 0.227166
28 0.509375 0.313817 0.512500 0.313817 0.514062 0.316159 0.521875 0.318501 0.526563 0.323185 0.529687 0.323185 0.531250 0.325527 0.534375 0.325527 0.535937 0.327869 0.540625 0.327869 0.545312 0.323185 0.546875 0.325527 0.556250 0.325527 0.557813 0.327869 0.559375 0.327869 0.573438 0.348946 0.575000 0.348946 0.576562 0.351288 0.576562 0.362998 0.578125 0.365340 0.578125 0.370023 0.579688 0.372365 0.579688 0.377049 0.581250 0.379391 0.581250 0.391101 0.582812 0.391101 0.584375 0.393443 0.587500 0.393443 0.589063 0.395785 0.593750 0.395785 0.598437 0.388759 0.601562 0.388759 0.603125 0.386417 0.606250 0.386417 0.607812 0.384075 0.609375 0.386417 0.612500 0.386417 0.617188 0.391101 0.625000 0.393443 0.629687 0.388759 0.629687 0.386417 0.628125 0.384075 0.628125 0.377049 0.631250 0.372365 0.632812 0.372365 0.637500 0.367681 0.635938 0.365340 0.631250 0.362998 0.618750 0.348946 0.617188 0.348946 0.610938 0.341920 0.606250 0.339578 0.603125 0.334895 0.601562 0.334895 0.600000 0.332553 0.595313 0.330211 0.592187 0.325527 0.587500 0.323185 0.584375 0.318501 0.578125 0.318501 0.576562 0.316159 0.564063 0.316159 0.562500 0.313817 0.557813 0.313817 0.556250 0.311475 0.551562 0.311475 0.550000 0.309133 0.537500 0.309133 0.535937 0.306792 0.517188 0.306792 0.515625 0.309133 0.510938 0.309133 0.510938 0.311475 0.509375 0.313817
28 0.576562 0.313817 0.573438 0.309133 0.571875 0.309133 0.568750 0.304450 0.567187 0.304450 0.564063 0.299766 0.559375 0.297424 0.556250 0.292740 0.554688 0.292740 0.551562 0.288056 0.550000 0.288056 0.548438 0.285714 0.545312 0.285714 0.540625 0.281030 0.537500 0.281030 0.535937 0.278689 0.532813 0.278689 0.531250 0.276347 0.525000 0.276347 0.523438 0.274005 0.517188 0.274005 0.512500 0.269321 0.510938 0.269321 0.510938 0.271663 0.507812 0.276347 0.500000 0.276347 0.498437 0.278689 0.492188 0.278689 0.490625 0.281030 0.489063 0.281030 0.487500 0.283372 0.484375 0.283372 0.476562 0.290398 0.473438 0.290398 0.468750 0.295082 0.465625 0.295082 0.460938 0.299766 0.457813 0.299766 0.456250 0.302108 0.454688 0.302108 0.443750 0.311475 0.446875 0.311475 0.448437 0.309133 0.478125 0.309133 0.479687 0.306792 0.500000 0.306792 0.501563 0.309133 0.504687 0.309133 0.506250 0.311475 0.509375 0.311475 0.509375 0.309133 0.510938 0.306792 0.515625 0.306792 0.517188 0.304450 0.535937 0.304450 0.537500 0.306792 0.550000 0.306792 0.551562 0.309133 0.556250 0.309133 0.557813 0.311475 0.562500 0.311475 0.564063 0.313817 0.576562 0.313817
28 0.003125 0.323185 0.000000 0.548009 0.015625 0.550351 0.017188 0.552693 0.028125 0.552693 0.029687 0.555035 0.039062 0.555035 0.040625 0.557377 0.048438 0.557377 0.062500 0.564403 0.087500 0.564403 0.096875 0.573770 0.103125 0.576112 0.120313 0.543326 0.120313 0.484778 0.121875 0.482436 0.121875 0.475410 0.028125 0.353630 0.026562 0.353630 0.004687 0.323185 0.003125 0.323185
28 0.318750 0.269321 0.339062 0.285714 0.365625 0.311475 0.373437 0.316159 0.392188 0.334895 0.400000 0.339578 0.418750 0.358314 0.426563 0.362998 0.453125 0.388759 0.460938 0.393443 0.475000 0.409836 0.485938 0.419204 0.490625 0.426230 0.515625 0.405152 0.464062 0.327869 0.439063 0.316159 0.435937 0.311475 0.428125 0.309133 0.423438 0.304450 0.407813 0.297424 0.395313 0.288056 0.392188 0.288056 0.367188 0.274005 0.362500 0.274005 0.342187 0.262295 0.335938 0.262295 0.334375 0.264637 0.328125 0.264637 0.326562 0.266979 0.320312 0.266979 0.318750 0.269321
28 0.587500 0.320843 0.589063 0.320843 0.590625 0.323185 0.592187 0.323185 0.595313 0.327869 0.596875 0.327869 0.598437 0.330211 0.600000 0.330211 0.601562 0.332553 0.603125 0.332553 0.606250 0.337237 0.607812 0.337237 0.609375 0.339578 0.610938 0.339578 0.614062 0.344262 0.615625 0.344262 0.617188 0.346604 0.618750 0.346604 0.621875 0.351288 0.623437 0.351288 0.626563 0.355972 0.628125 0.355972 0.631250 0.360656 0.632812 0.360656 0.634375 0.362998 0.635938 0.362998 0.639062 0.367681 0.640625 0.367681 0.642188 0.370023 0.646875 0.370023 0.648438 0.367681 0.653125 0.367681 0.654687 0.365340 0.659375 0.365340 0.659375 0.362998 0.660937 0.360656 0.660937 0.358314 0.662500 0.355972 0.662500 0.353630 0.648438 0.332553 0.646875 0.332553 0.645312 0.330211 0.640625 0.330211 0.639062 0.327869 0.634375 0.327869 0.632812 0.325527 0.628125 0.325527 0.626563 0.323185 0.621875 0.323185 0.620313 0.320843 0.614062 0.320843 0.612500 0.318501 0.607812 0.318501 0.606250 0.316159 0.601562 0.316159 0.600000 0.313817 0.598437 0.316159 0.595313 0.316159 0.593750 0.318501 0.589063 0.318501 0.587500 0.320843
28 0.756250 0.285714 0.734375 0.285714 0.725000 0.278689 0.726562 0.274005 0.740625 0.262295 0.732812 0.255269 0.721875 0.255269 0.718750 0.297424 0.715625 0.309133 0.706250 0.309133 0.704688 0.311475 0.700000 0.311475 0.696875 0.306792 0.679688 0.306792 0.678125 0.309133 0.664062 0.297424 0.660937 0.292740 0.660937 0.285714 0.639062 0.285714 0.637500 0.288056 0.617188 0.290398 0.609375 0.297424 0.600000 0.311475 0.648438 0.330211 0.664062 0.353630 0.664062 0.360656 0.660937 0.367681 0.643750 0.374707 0.639062 0.370023 0.635938 0.374707 0.629687 0.377049 0.631250 0.391101 0.625000 0.398126 0.610938 0.388759 0.606250 0.388759 0.614062 0.398126 0.621875 0.402810 0.660937 0.402810 0.673438 0.393443 0.681250 0.381733 0.690625 0.348946 0.706250 0.367681 0.732812 0.370023 0.745313 0.360656 0.757812 0.337237 0.762500 0.318501 0.762500 0.306792 0.756250 0.285714
31 0.223438 0.843091 0.221875 0.840749 0.214062 0.840749 0.212500 0.843091 0.209375 0.843091 0.207813 0.845433 0.178125 0.845433 0.176563 0.847775 0.164062 0.847775 0.160938 0.852459 0.160938 0.854801 0.165625 0.854801 0.167187 0.857143 0.175000 0.857143 0.176563 0.859485 0.182812 0.859485 0.184375 0.861827 0.190625 0.861827 0.192188 0.864169 0.203125 0.864169 0.204687 0.861827 0.207813 0.861827 0.209375 0.859485 0.212500 0.859485 0.223438 0.843091
31 0.145313 0.957845 0.146875 0.957845 0.148438 0.960187 0.150000 0.960187 0.153125 0.964871 0.154688 0.964871 0.157812 0.969555 0.159375 0.969555 0.162500 0.974239 0.164062 0.974239 0.167187 0.978923 0.168750 0.978923 0.170313 0.981265 0.171875 0.981265 0.176563 0.985948 0.185938 0.985948 0.187500 0.983607 0.204687 0.983607 0.206250 0.981265 0.209375 0.981265 0.210938 0.978923 0.214062 0.978923 0.215625 0.976581 0.220312 0.976581 0.221875 0.974239 0.225000 0.974239 0.226562 0.971897 0.231250 0.971897 0.235937 0.964871 0.235937 0.955504 0.237500 0.953162 0.237500 0.941452 0.232813 0.934426 0.232813 0.932084 0.229687 0.927400 0.223438 0.927400 0.221875 0.925059 0.215625 0.925059 0.214062 0.922717 0.207813 0.922717 0.206250 0.920375 0.200000 0.920375 0.198437 0.918033 0.193750 0.918033 0.192188 0.915691 0.189062 0.915691 0.187500 0.913349 0.182812 0.913349 0.181250 0.911007 0.173437 0.911007 0.170313 0.915691 0.168750 0.915691 0.165625 0.920375 0.165625 0.922717 0.162500 0.927400 0.162500 0.929742 0.157812 0.936768 0.157812 0.939110 0.145313 0.957845
31 0.260937 0.784543 0.260937 0.791569 0.259375 0.793911 0.259375 0.798595 0.257812 0.800937 0.257812 0.805621 0.256250 0.807963 0.256250 0.824356 0.253125 0.831382 0.253125 0.836066 0.251563 0.838407 0.251563 0.843091 0.250000 0.845433 0.250000 0.850117 0.246875 0.857143 0.246875 0.861827 0.245312 0.864169 0.245312 0.868852 0.242188 0.875878 0.242188 0.880562 0.243750 0.880562 0.245312 0.882904 0.246875 0.882904 0.251563 0.887588 0.254688 0.887588 0.256250 0.889930 0.259375 0.889930 0.260937 0.892272 0.260937 0.908665 0.268750 0.908665 0.270313 0.906323 0.279687 0.906323 0.279687 0.880562 0.278125 0.878220 0.278125 0.824356 0.276562 0.822014 0.276562 0.807963 0.267188 0.807963 0.264062 0.803279 0.264062 0.798595 0.262500 0.796253 0.262500 0.791569 0.260937 0.789227 0.260937 0.784543 0.237500 0.765808 0.225000 0.765808 0.223438 0.768150 0.220312 0.768150 0.218750 0.770492 0.215625 0.770492 0.214062 0.772834 0.210938 0.772834 0.209375 0.775176 0.206250 0.775176 0.206250 0.777518 0.201563 0.784543 0.201563 0.786885 0.196875 0.793911 0.196875 0.796253 0.195312 0.798595 0.193750 0.796253 0.190625 0.796253 0.189062 0.793911 0.182812 0.793911 0.182812 0.798595 0.181250 0.800937 0.181250 0.838407 0.182812 0.840749 0.185938 0.840749 0.187500 0.838407 0.196875 0.838407 0.198437 0.836066 0.206250 0.836066 0.207813 0.833724 0.217188 0.833724 0.218750 0.831382 0.220312 0.831382 0.223438 0.836066 0.223438 0.840749 0.226562 0.847775 0.226562 0.852459 0.223438 0.857143 0.221875 0.857143 0.217188 0.861827 0.214062 0.861827 0.212500 0.864169 0.204687 0.868852 0.204687 0.871194 0.206250 0.871194 0.207813 0.873536 0.210938 0.873536 0.212500 0.875878 0.215625 0.875878 0.217188 0.878220 0.218750 0.878220 0.220312 0.880562 0.223438 0.880562 0.225000 0.882904 0.228125 0.882904 0.228125 0.866511 0.229687 0.864169 0.229687 0.803279 0.231250 0.800937 0.231250 0.796253 0.232813 0.793911 0.232813 0.789227 0.234375 0.786885 0.234375 0.779859 0.235937 0.777518 0.235937 0.772834 0.237500 0.770492 0.237500 0.765808
62 0.364063 0.681499 0.364063 0.686183 0.368750 0.693208 0.368750 0.695550 0.375000 0.704918 0.376563 0.704918 0.378125 0.707260 0.381250 0.707260 0.382812 0.709602 0.385937 0.709602 0.387500 0.711944 0.390625 0.711944 0.392188 0.714286 0.395313 0.714286 0.396875 0.716628 0.403125 0.716628 0.404687 0.718970 0.409375 0.718970 0.410938 0.721311 0.415625 0.721311 0.417187 0.723653 0.428125 0.723653 0.429688 0.721311 0.446875 0.721311 0.448437 0.718970 0.459375 0.718970 0.460938 0.716628 0.471875 0.716628 0.473438 0.714286 0.482812 0.714286 0.482812 0.711944 0.478125 0.711944 0.476562 0.714286 0.462500 0.714286 0.460938 0.711944 0.454688 0.711944 0.453125 0.709602 0.446875 0.709602 0.445312 0.707260 0.443750 0.707260 0.442188 0.704918 0.440625 0.704918 0.435937 0.700234 0.431250 0.700234 0.429688 0.697892 0.423438 0.697892 0.421875 0.695550 0.414062 0.695550 0.412500 0.693208 0.404687 0.693208 0.403125 0.690867 0.396875 0.690867 0.395313 0.688525 0.387500 0.688525 0.385937 0.686183 0.379688 0.686183 0.378125 0.683841 0.370312 0.683841 0.368750 0.681499 0.364063 0.681499
62 0.346875 0.627635 0.346875 0.629977 0.348438 0.629977 0.350000 0.632319 0.351562 0.632319 0.359375 0.639344 0.362500 0.639344 0.364063 0.641686 0.373437 0.641686 0.375000 0.644028 0.384375 0.644028 0.385937 0.646370 0.395313 0.646370 0.396875 0.648712 0.406250 0.648712 0.407813 0.651054 0.418750 0.651054 0.420312 0.653396 0.426563 0.653396 0.428125 0.655738 0.428125 0.662763 0.429688 0.665105 0.429688 0.667447 0.445312 0.667447 0.450000 0.674473 0.450000 0.676815 0.457813 0.688525 0.459375 0.688525 0.457813 0.686183 0.457813 0.683841 0.456250 0.681499 0.456250 0.679157 0.451562 0.667447 0.456250 0.662763 0.456250 0.653396 0.451562 0.653396 0.450000 0.651054 0.443750 0.651054 0.442188 0.648712 0.435937 0.648712 0.434375 0.646370 0.428125 0.646370 0.426563 0.644028 0.420312 0.644028 0.418750 0.641686 0.412500 0.641686 0.410938 0.639344 0.404687 0.639344 0.403125 0.637002 0.396875 0.637002 0.395313 0.634660 0.389062 0.634660 0.387500 0.632319 0.381250 0.632319 0.379688 0.629977 0.373437 0.629977 0.371875 0.627635 0.365625 0.627635 0.364063 0.625293 0.357812 0.625293 0.356250 0.622951 0.348438 0.622951 0.348438 0.625293 0.346875 0.627635
62 0.346875 0.578454 0.346875 0.580796 0.348438 0.583138 0.348438 0.587822 0.353125 0.587822 0.354687 0.590164 0.359375 0.590164 0.360938 0.592506 0.367188 0.592506 0.368750 0.594848 0.375000 0.594848 0.376563 0.597190 0.381250 0.597190 0.382812 0.599532 0.389062 0.599532 0.390625 0.601874 0.396875 0.601874 0.398438 0.604215 0.403125 0.604215 0.404687 0.606557 0.410938 0.606557 0.412500 0.608899 0.418750 0.608899 0.420312 0.611241 0.429688 0.611241 0.431250 0.613583 0.434375 0.613583 0.435937 0.615925 0.439063 0.615925 0.440625 0.618267 0.437500 0.611241 0.432812 0.611241 0.431250 0.608899 0.431250 0.606557 0.429688 0.604215 0.429688 0.599532 0.426563 0.599532 0.425000 0.597190 0.421875 0.597190 0.420312 0.594848 0.415625 0.594848 0.414062 0.592506 0.410938 0.592506 0.409375 0.590164 0.403125 0.590164 0.401562 0.587822 0.395313 0.587822 0.393750 0.585480 0.387500 0.585480 0.385937 0.583138 0.379688 0.583138 0.378125 0.580796 0.371875 0.580796 0.370312 0.578454 0.364063 0.578454 0.362500 0.576112 0.356250 0.576112 0.354687 0.573770 0.348438 0.573770 0.348438 0.576112 0.346875 0.578454
62 0.004687 0.939110 0.004687 0.983607 0.154688 0.983607 0.148438 0.983607 0.146875 0.981265 0.140625 0.981265 0.139063 0.978923 0.132812 0.978923 0.131250 0.976581 0.125000 0.976581 0.123438 0.974239 0.117188 0.974239 0.115625 0.971897 0.109375 0.971897 0.107813 0.969555 0.100000 0.969555 0.098437 0.967213 0.092188 0.967213 0.090625 0.964871 0.084375 0.964871 0.082812 0.962529 0.076563 0.962529 0.075000 0.960187 0.068750 0.960187 0.067187 0.957845 0.060937 0.957845 0.059375 0.955504 0.053125 0.955504 0.051562 0.953162 0.045312 0.953162 0.043750 0.950820 0.037500 0.950820 0.035937 0.948478 0.029687 0.948478 0.028125 0.946136 0.021875 0.946136 0.020313 0.943794 0.014063 0.943794 0.012500 0.941452 0.006250 0.941452 0.004687 0.939110
62 0.331250 0.526932 0.331250 0.531616 0.329688 0.533958 0.329688 0.536300 0.331250 0.536300 0.332813 0.538642 0.334375 0.538642 0.339062 0.545667 0.339062 0.550351 0.340625 0.552693 0.345313 0.552693 0.346875 0.555035 0.354687 0.555035 0.356250 0.557377 0.359375 0.557377 0.360938 0.559719 0.364063 0.559719 0.365625 0.562061 0.368750 0.562061 0.370312 0.564403 0.375000 0.564403 0.378125 0.569087 0.378125 0.571429 0.381250 0.576112 0.387500 0.576112 0.389062 0.573770 0.401562 0.573770 0.403125 0.576112 0.410938 0.576112 0.412500 0.578454 0.421875 0.578454 0.423438 0.580796 0.426563 0.580796 0.426563 0.576112 0.425000 0.573770 0.425000 0.571429 0.423438 0.571429 0.421875 0.569087 0.414062 0.569087 0.412500 0.566745 0.379688 0.566745 0.373437 0.557377 0.373437 0.555035 0.371875 0.555035 0.367188 0.550351 0.364063 0.550351 0.362500 0.548009 0.356250 0.548009 0.354687 0.550351 0.345313 0.550351 0.342187 0.543326 0.342187 0.538642 0.340625 0.536300 0.340625 0.531616 0.339062 0.529274 0.339062 0.524590 0.332813 0.524590 0.331250 0.526932
62 0.328125 0.587822 0.328125 0.592506 0.326562 0.594848 0.326562 0.615925 0.325000 0.618267 0.325000 0.629977 0.326562 0.632319 0.326562 0.639344 0.342187 0.648712 0.353125 0.665105 0.357812 0.665105 0.359375 0.667447 0.367188 0.667447 0.368750 0.669789 0.376563 0.669789 0.378125 0.672131 0.385937 0.672131 0.387500 0.674473 0.395313 0.674473 0.396875 0.676815 0.404687 0.676815 0.406250 0.679157 0.412500 0.679157 0.414062 0.681499 0.421875 0.681499 0.423438 0.683841 0.431250 0.683841 0.432812 0.686183 0.440625 0.686183 0.442188 0.688525 0.456250 0.688525 0.448437 0.676815 0.448437 0.674473 0.445312 0.669789 0.429688 0.669789 0.426563 0.660422 0.421875 0.660422 0.420312 0.658080 0.414062 0.658080 0.412500 0.655738 0.404687 0.655738 0.403125 0.653396 0.396875 0.653396 0.395313 0.651054 0.389062 0.651054 0.387500 0.648712 0.379688 0.648712 0.378125 0.646370 0.371875 0.646370 0.370312 0.644028 0.364063 0.644028 0.362500 0.641686 0.351562 0.639344 0.350000 0.634660 0.345313 0.629977 0.346875 0.625293 0.332813 0.583138 0.331250 0.583138 0.328125 0.587822
62 0.237500 0.772834 0.237500 0.777518 0.235937 0.779859 0.237500 0.777518 0.237500 0.772834 0.037500 0.585480 0.031250 0.641686 0.026562 0.756440 0.051562 0.749415 0.076563 0.749415 0.085938 0.758782 0.089063 0.754098 0.095312 0.765808 0.093750 0.768150 0.104688 0.817330 0.110937 0.829040 0.107813 0.833724 0.114062 0.838407 0.181250 0.777518 0.204687 0.777518 0.206250 0.772834 0.225000 0.763466 0.237500 0.763466 0.239063 0.768150 0.242188 0.740047 0.223438 0.688525 0.218750 0.667447 0.132812 0.695550 0.037500 0.585480
62 0.323437 0.644028 0.321875 0.660422 0.373437 0.822014 0.335938 0.868852 0.365625 0.864169 0.395313 0.831382 0.407813 0.826698 0.514062 0.850117 0.551562 0.845433 0.593750 0.889930 0.604688 0.939110 0.620313 0.927400 0.593750 0.847775 0.601562 0.845433 0.635938 0.857143 0.657813 0.915691 0.660937 0.875878 0.671875 0.861827 0.745313 0.880562 0.759375 0.911007 0.767188 0.943794 0.771875 0.946136 0.757812 0.885246 0.757812 0.859485 0.704688 0.838407 0.634375 0.833724 0.570312 0.817330 0.568750 0.777518 0.560937 0.775176 0.559375 0.747073 0.565625 0.742389 0.475000 0.749415 0.462500 0.740047 0.468750 0.721311 0.443750 0.728337 0.390625 0.718970 0.375000 0.707260 0.342187 0.651054 0.323437 0.644028
62 0.057813 0.887588 0.053125 0.894614 0.051562 0.894614 0.053125 0.896956 0.053125 0.899297 0.054688 0.901639 0.054688 0.903981 0.056250 0.906323 0.056250 0.908665 0.057813 0.911007 0.057813 0.915691 0.059375 0.918033 0.059375 0.920375 0.060937 0.922717 0.060937 0.925059 0.062500 0.927400 0.062500 0.929742 0.064062 0.932084 0.064062 0.934426 0.065625 0.936768 0.065625 0.939110 0.067187 0.941452 0.067187 0.943794 0.068750 0.946136 0.068750 0.948478 0.075000 0.948478 0.076563 0.946136 0.078125 0.946136 0.078125 0.943794 0.076563 0.941452 0.076563 0.939110 0.075000 0.936768 0.075000 0.934426 0.073438 0.932084 0.073438 0.929742 0.071875 0.927400 0.071875 0.925059 0.068750 0.920375 0.068750 0.918033 0.067187 0.915691 0.067187 0.913349 0.065625 0.911007 0.065625 0.908665 0.064062 0.906323 0.064062 0.903981 0.062500 0.901639 0.062500 0.899297 0.060937 0.896956 0.060937 0.894614 0.057813 0.889930 0.057813 0.887588 0.000000 0.768150 0.000000 0.777518 0.020313 0.777518 0.023438 0.775176 0.026562 0.779859 0.025000 0.784543 0.015625 0.784543 0.000000 0.807963 0.000000 0.829040 0.009375 0.817330 0.012500 0.819672 0.000000 0.838407 0.000000 0.857143 0.026562 0.824356 0.032813 0.845433 0.040625 0.840749 0.042188 0.836066 0.032813 0.817330 0.039062 0.810304 0.064062 0.878220 0.067187 0.896956 0.082812 0.939110 0.082812 0.948478 0.096875 0.950820 0.079687 0.896956 0.075000 0.875878 0.067187 0.859485 0.062500 0.838407 0.048438 0.800937 0.048438 0.791569 0.045312 0.786885 0.037500 0.784543 0.042188 0.775176 0.065625 0.775176 0.073438 0.768150 0.090625 0.768150 0.093750 0.765808 0.089063 0.756440 0.084375 0.763466 0.026562 0.763466 0.012500 0.768150 0.000000 0.768150
