1 0.471875 0.330211 0.414062 0.412178 0.439063 0.466042 0.343750 0.580796 0.318750 0.533958 0.254688 0.461358 0.257812 0.414520 0.287500 0.341920 0.285938 0.227166 0.268750 0.192037 0.240625 0.163934 0.181250 0.170960 0.157812 0.290398 0.165625 0.360656 0.092188 0.428571 0.048438 0.613583 0.045312 0.997658 0.362500 0.995316 0.356250 0.857143 0.481250 0.819672 0.568750 0.814988 0.606250 0.772834 0.609375 0.742389 0.565625 0.716628 0.539062 0.754098 0.370312 0.763466 0.348438 0.707260 0.387500 0.697892 0.425000 0.629977 0.481250 0.435597 0.482812 0.351288 0.471875 0.330211
48 0.959375 0.590164 0.954688 0.590164 0.953125 0.592506 0.951562 0.590164 0.951562 0.597190 0.953125 0.599532 0.953125 0.637002 0.951562 0.639344 0.951562 0.676815 0.953125 0.679157 0.953125 0.681499 0.954688 0.681499 0.956250 0.679157 0.956250 0.676815 0.957812 0.674473 0.957812 0.669789 0.956250 0.667447 0.956250 0.618267 0.959375 0.613583 0.959375 0.611241 0.960938 0.608899 0.960938 0.597190 0.959375 0.594848 0.959375 0.590164
49 0.732812 0.751756 0.726562 0.751756 0.723437 0.756440 0.723437 0.758782 0.720313 0.763466 0.720313 0.770492 0.721875 0.772834 0.721875 0.775176 0.723437 0.777518 0.723437 0.786885 0.721875 0.789227 0.721875 0.800937 0.720313 0.803279 0.720313 0.805621 0.718750 0.807963 0.718750 0.812646 0.717187 0.814988 0.717187 0.817330 0.715625 0.819672 0.715625 0.822014 0.714063 0.824356 0.714063 0.826698 0.712500 0.829040 0.712500 0.836066 0.710938 0.838407 0.710938 0.854801 0.715625 0.854801 0.717187 0.852459 0.717187 0.850117 0.718750 0.847775 0.718750 0.843091 0.720313 0.840749 0.720313 0.838407 0.721875 0.836066 0.721875 0.831382 0.723437 0.829040 0.723437 0.826698 0.725000 0.824356 0.725000 0.812646 0.726562 0.810304 0.726562 0.798595 0.728125 0.796253 0.728125 0.789227 0.729688 0.786885 0.729688 0.777518 0.731250 0.775176 0.731250 0.768150 0.732812 0.765808 0.732812 0.751756
49 0.745313 0.786885 0.743750 0.786885 0.740625 0.791569 0.740625 0.796253 0.739062 0.798595 0.739062 0.800937 0.737500 0.803279 0.737500 0.805621 0.735938 0.807963 0.735938 0.812646 0.734375 0.814988 0.734375 0.817330 0.732812 0.819672 0.732812 0.824356 0.731250 0.826698 0.731250 0.829040 0.729688 0.831382 0.729688 0.833724 0.728125 0.836066 0.728125 0.838407 0.726562 0.840749 0.726562 0.845433 0.725000 0.847775 0.725000 0.850117 0.723437 0.852459 0.723437 0.854801 0.721875 0.857143 0.721875 0.861827 0.725000 0.861827 0.726562 0.859485 0.728125 0.859485 0.728125 0.857143 0.731250 0.852459 0.731250 0.850117 0.734375 0.845433 0.734375 0.843091 0.735938 0.840749 0.735938 0.838407 0.737500 0.836066 0.737500 0.833724 0.739062 0.831382 0.739062 0.826698 0.740625 0.824356 0.740625 0.819672 0.742188 0.817330 0.742188 0.814988 0.743750 0.812646 0.743750 0.803279 0.745313 0.800937 0.745313 0.786885
49 0.745313 0.761124 0.742188 0.761124 0.740625 0.763466 0.740625 0.765808 0.739062 0.768150 0.739062 0.770492 0.737500 0.772834 0.737500 0.775176 0.735938 0.777518 0.735938 0.782201 0.734375 0.784543 0.734375 0.786885 0.732812 0.789227 0.732812 0.798595 0.731250 0.800937 0.731250 0.814988 0.729688 0.817330 0.729688 0.829040 0.729688 0.826698 0.731250 0.824356 0.731250 0.819672 0.732812 0.817330 0.732812 0.814988 0.734375 0.812646 0.734375 0.807963 0.735938 0.805621 0.735938 0.803279 0.737500 0.800937 0.737500 0.796253 0.739062 0.793911 0.739062 0.789227 0.740625 0.786885 0.742188 0.786885 0.743750 0.784543 0.745313 0.784543 0.746875 0.782201 0.746875 0.777518 0.748437 0.775176 0.748437 0.765808 0.745313 0.761124
49 0.754687 0.784543 0.753125 0.786885 0.751563 0.786885 0.751563 0.789227 0.750000 0.791569 0.750000 0.796253 0.748437 0.798595 0.748437 0.800937 0.746875 0.803279 0.746875 0.807963 0.745313 0.810304 0.745313 0.812646 0.743750 0.814988 0.743750 0.817330 0.742188 0.819672 0.742188 0.824356 0.740625 0.826698 0.740625 0.831382 0.739062 0.833724 0.739062 0.838407 0.737500 0.840749 0.737500 0.845433 0.735938 0.847775 0.735938 0.850117 0.734375 0.852459 0.734375 0.857143 0.732812 0.859485 0.734375 0.859485 0.735938 0.861827 0.737500 0.859485 0.739062 0.859485 0.740625 0.857143 0.740625 0.854801 0.742188 0.852459 0.742188 0.850117 0.743750 0.847775 0.743750 0.843091 0.745313 0.840749 0.745313 0.836066 0.746875 0.833724 0.746875 0.829040 0.748437 0.826698 0.748437 0.822014 0.750000 0.819672 0.750000 0.814988 0.751563 0.812646 0.751563 0.807963 0.753125 0.805621 0.753125 0.800937 0.754687 0.798595 0.754687 0.793911 0.756250 0.791569 0.754687 0.789227 0.754687 0.784543
49 0.718750 0.770492 0.714063 0.770492 0.712500 0.772834 0.710938 0.772834 0.709375 0.775176 0.709375 0.782201 0.707812 0.784543 0.707812 0.789227 0.706250 0.791569 0.706250 0.798595 0.704688 0.800937 0.704688 0.807963 0.703125 0.810304 0.703125 0.824356 0.701562 0.826698 0.701562 0.833724 0.700000 0.836066 0.696875 0.836066 0.696875 0.840749 0.698438 0.843091 0.700000 0.843091 0.701562 0.845433 0.703125 0.845433 0.704688 0.847775 0.706250 0.847775 0.707812 0.850117 0.709375 0.847775 0.709375 0.838407 0.707812 0.836066 0.707812 0.831382 0.709375 0.829040 0.709375 0.826698 0.715625 0.817330 0.715625 0.812646 0.717187 0.810304 0.717187 0.807963 0.718750 0.805621 0.718750 0.803279 0.720313 0.800937 0.720313 0.784543 0.721875 0.782201 0.721875 0.777518 0.720313 0.775176 0.720313 0.772834 0.718750 0.770492
50 0.621875 0.906323 0.620313 0.906323 0.618750 0.908665 0.614062 0.908665 0.612500 0.911007 0.609375 0.911007 0.609375 0.918033 0.607812 0.920375 0.607812 0.934426 0.609375 0.936768 0.609375 0.941452 0.610938 0.943794 0.610938 0.957845 0.625000 0.957845 0.625000 0.950820 0.626563 0.948478 0.626563 0.932084 0.628125 0.929742 0.628125 0.918033 0.625000 0.913349 0.625000 0.911007 0.621875 0.906323
50 0.662500 0.266979 0.660937 0.269321 0.657813 0.269321 0.657813 0.290398 0.659375 0.292740 0.659375 0.325527 0.660937 0.327869 0.660937 0.447307 0.659375 0.449649 0.659375 0.475410 0.660937 0.477752 0.660937 0.491803 0.662500 0.494145 0.662500 0.498829 0.664062 0.503513 0.667188 0.505855 0.671875 0.505855 0.673438 0.508197 0.676562 0.505855 0.676562 0.463700 0.675000 0.461358 0.675000 0.454333 0.665625 0.444965 0.665625 0.419204 0.667188 0.416862 0.667188 0.381733 0.668750 0.379391 0.668750 0.332553 0.667188 0.330211 0.667188 0.295082 0.665625 0.292740 0.665625 0.271663 0.664062 0.266979 0.662500 0.266979
50 0.975000 0.119438 0.975000 0.121780 0.973437 0.124122 0.973437 0.126464 0.975000 0.128806 0.975000 0.140515 0.976562 0.142857 0.976562 0.149883 0.975000 0.152225 0.975000 0.166276 0.976562 0.168618 0.979688 0.163934 0.979688 0.156909 0.978125 0.154567 0.978125 0.128806 0.979688 0.126464 0.979688 0.124122 0.976562 0.119438 0.975000 0.119438
50 0.639062 0.756440 0.635938 0.761124 0.634375 0.761124 0.632812 0.763466 0.632812 0.765808 0.631250 0.768150 0.631250 0.770492 0.629687 0.772834 0.629687 0.777518 0.628125 0.779859 0.628125 0.786885 0.626563 0.789227 0.626563 0.791569 0.628125 0.793911 0.628125 0.796253 0.631250 0.796253 0.632812 0.793911 0.646875 0.793911 0.650000 0.798595 0.651563 0.798595 0.656250 0.805621 0.656250 0.812646 0.656250 0.810304 0.657813 0.807963 0.657813 0.805621 0.659375 0.803279 0.659375 0.800937 0.660937 0.798595 0.660937 0.789227 0.662500 0.786885 0.662500 0.784543 0.660937 0.782201 0.660937 0.770492 0.657813 0.765808 0.657813 0.763466 0.656250 0.763466 0.653125 0.758782 0.651563 0.758782 0.650000 0.756440 0.639062 0.756440
50 0.648438 0.800937 0.625000 0.800937 0.623437 0.803279 0.621875 0.803279 0.620313 0.805621 0.618750 0.805621 0.615625 0.810304 0.614062 0.810304 0.612500 0.812646 0.610938 0.812646 0.607812 0.817330 0.606250 0.817330 0.603125 0.822014 0.603125 0.826698 0.601562 0.829040 0.601562 0.833724 0.600000 0.836066 0.600000 0.838407 0.601562 0.840749 0.603125 0.840749 0.606250 0.845433 0.607812 0.845433 0.610938 0.850117 0.612500 0.850117 0.615625 0.854801 0.615625 0.864169 0.617188 0.866511 0.617188 0.878220 0.618750 0.880562 0.618750 0.892272 0.618750 0.889930 0.623437 0.882904 0.623437 0.880562 0.625000 0.878220 0.625000 0.873536 0.623437 0.871194 0.623437 0.852459 0.625000 0.850117 0.625000 0.847775 0.626563 0.845433 0.626563 0.843091 0.629687 0.838407 0.631250 0.838407 0.632812 0.836066 0.632812 0.833724 0.634375 0.831382 0.642188 0.831382 0.643750 0.829040 0.646875 0.829040 0.648438 0.826698 0.648438 0.824356 0.651563 0.819672 0.651563 0.817330 0.653125 0.814988 0.653125 0.810304 0.650000 0.805621 0.650000 0.803279 0.648438 0.800937
50 0.646875 0.831382 0.643750 0.831382 0.642188 0.833724 0.634375 0.833724 0.634375 0.836066 0.629687 0.843091 0.629687 0.845433 0.626563 0.850117 0.626563 0.866511 0.628125 0.868852 0.628125 0.878220 0.629687 0.880562 0.629687 0.882904 0.631250 0.885246 0.631250 0.873536 0.632812 0.871194 0.632812 0.868852 0.634375 0.866511 0.634375 0.864169 0.635938 0.861827 0.640625 0.861827 0.642188 0.859485 0.657813 0.859485 0.659375 0.857143 0.659375 0.852459 0.657813 0.850117 0.657813 0.845433 0.656250 0.843091 0.656250 0.840749 0.654687 0.840749 0.650000 0.833724 0.648438 0.833724 0.646875 0.831382
50 0.620313 0.700234 0.618750 0.702576 0.617188 0.702576 0.614062 0.707260 0.614062 0.737705 0.615625 0.740047 0.615625 0.742389 0.617188 0.744731 0.617188 0.749415 0.625000 0.761124 0.625000 0.765808 0.626563 0.768150 0.626563 0.770492 0.628125 0.770492 0.631250 0.765808 0.631250 0.763466 0.632812 0.761124 0.632812 0.758782 0.637500 0.751756 0.637500 0.725995 0.635938 0.723653 0.635938 0.721311 0.634375 0.718970 0.634375 0.716628 0.632812 0.714286 0.632812 0.711944 0.631250 0.709602 0.631250 0.707260 0.626563 0.700234 0.620313 0.700234
50 0.632812 0.873536 0.632812 0.885246 0.634375 0.887588 0.634375 0.889930 0.635938 0.892272 0.635938 0.894614 0.637500 0.894614 0.639062 0.896956 0.640625 0.896956 0.642188 0.899297 0.645312 0.899297 0.646875 0.901639 0.648438 0.901639 0.650000 0.903981 0.653125 0.903981 0.654687 0.906323 0.659375 0.906323 0.660937 0.908665 0.668750 0.908665 0.678125 0.894614 0.678125 0.892272 0.679688 0.889930 0.679688 0.882904 0.678125 0.880562 0.678125 0.878220 0.676562 0.875878 0.675000 0.875878 0.673438 0.873536 0.671875 0.873536 0.670312 0.871194 0.668750 0.873536 0.667188 0.871194 0.665625 0.871194 0.664062 0.868852 0.662500 0.868852 0.659375 0.864169 0.659375 0.861827 0.642188 0.861827 0.640625 0.864169 0.639062 0.864169 0.632812 0.873536
50 0.634375 0.262295 0.631250 0.264637 0.628125 0.269321 0.628125 0.271663 0.629687 0.274005 0.629687 0.283372 0.631250 0.285714 0.631250 0.295082 0.632812 0.297424 0.632812 0.309133 0.634375 0.311475 0.634375 0.323185 0.635938 0.325527 0.635938 0.341920 0.637500 0.344262 0.637500 0.362998 0.639062 0.365340 0.639062 0.398126 0.637500 0.400468 0.635938 0.435597 0.634375 0.437939 0.634375 0.447307 0.632812 0.449649 0.632812 0.459016 0.631250 0.461358 0.629687 0.482436 0.631250 0.484778 0.631250 0.510539 0.632812 0.515222 0.640625 0.526932 0.646875 0.515222 0.650000 0.505855 0.648438 0.503513 0.648438 0.466042 0.646875 0.463700 0.646875 0.416862 0.645312 0.414520 0.645312 0.358314 0.643750 0.355972 0.642188 0.302108 0.640625 0.299766 0.640625 0.290398 0.639062 0.288056 0.639062 0.283372 0.637500 0.281030 0.637500 0.274005 0.635938 0.271663 0.635938 0.264637 0.634375 0.262295
50 0.654687 0.819672 0.651563 0.824356 0.651563 0.826698 0.650000 0.829040 0.653125 0.833724 0.654687 0.833724 0.657813 0.838407 0.657813 0.843091 0.659375 0.845433 0.659375 0.850117 0.660937 0.852459 0.660937 0.864169 0.662500 0.866511 0.664062 0.866511 0.665625 0.868852 0.667188 0.868852 0.668750 0.871194 0.670312 0.868852 0.670312 0.861827 0.671875 0.859485 0.671875 0.852459 0.670312 0.850117 0.670312 0.838407 0.668750 0.836066 0.668750 0.833724 0.667188 0.831382 0.667188 0.829040 0.665625 0.826698 0.665625 0.824356 0.664062 0.824356 0.660937 0.819672 0.654687 0.819672
50 0.518750 0.601874 0.518750 0.604215 0.517188 0.606557 0.517188 0.613583 0.515625 0.615925 0.515625 0.620609 0.517188 0.622951 0.517188 0.637002 0.518750 0.639344 0.518750 0.651054 0.520312 0.653396 0.520312 0.667447 0.521875 0.669789 0.521875 0.681499 0.523438 0.683841 0.523438 0.709602 0.521875 0.711944 0.521875 0.716628 0.520312 0.718970 0.518750 0.725995 0.515625 0.730679 0.515625 0.733021 0.514062 0.735363 0.514062 0.754098 0.526563 0.754098 0.528125 0.751756 0.539062 0.751756 0.540625 0.749415 0.540625 0.737705 0.539062 0.735363 0.539062 0.733021 0.534375 0.725995 0.534375 0.723653 0.529687 0.716628 0.529687 0.660422 0.528125 0.658080 0.528125 0.625293 0.526563 0.622951 0.526563 0.608899 0.521875 0.601874 0.518750 0.601874
78 0.793750 0.761124 0.795312 0.969555 0.898438 0.985948 0.996875 0.985948 0.996875 0.744731 0.832812 0.733021 0.793750 0.761124
85 0.076563 0.000000 0.045312 0.000000 0.043750 0.002342 0.000000 0.002342 0.000000 0.121780 0.006250 0.121780 0.007812 0.124122 0.029687 0.124122 0.031250 0.121780 0.037500 0.121780 0.039062 0.119438 0.043750 0.119438 0.048438 0.114754 0.051562 0.114754 0.053125 0.112412 0.060937 0.107728 0.060937 0.105386 0.064062 0.100703 0.064062 0.098361 0.067187 0.093677 0.067187 0.091335 0.068750 0.088993 0.068750 0.084309 0.070312 0.081967 0.070312 0.077283 0.071875 0.074941 0.071875 0.070258 0.073438 0.067916 0.073438 0.063232 0.075000 0.060890 0.075000 0.053864 0.076563 0.051522 0.076563 0.044496 0.078125 0.042155 0.078125 0.037471 0.079687 0.035129 0.079687 0.030445 0.081250 0.028103 0.081250 0.023419 0.082812 0.021077 0.082812 0.014052 0.081250 0.011710 0.081250 0.009368 0.076563 0.002342 0.076563 0.000000
