63 0.390135 0.681250 0.381166 0.678125 0.183857 0.678125 0.085202 0.685937 0.071749 0.681250 0.053812 0.656250 0.004484 0.670312 0.000000 0.907813 0.006726 0.995313 0.067265 0.993750 0.172646 0.842187 0.219731 0.807813 0.269058 0.809375 0.278027 0.796875 0.298206 0.795312 0.313901 0.785937 0.334081 0.792188 0.394619 0.790625 0.408072 0.764062 0.405830 0.735938 0.396861 0.723437 0.390135 0.681250
73 0.360987 0.751563 0.358744 0.750000 0.358744 0.748437 0.354260 0.745313 0.354260 0.743750 0.352018 0.742188 0.352018 0.740625 0.349776 0.739062 0.349776 0.737500 0.345291 0.734375 0.345291 0.732812 0.327354 0.732812 0.325112 0.734375 0.304933 0.734375 0.302691 0.735938 0.282511 0.735938 0.280269 0.737500 0.278027 0.737500 0.278027 0.742188 0.280269 0.743750 0.280269 0.745313 0.282511 0.746875 0.282511 0.750000 0.284753 0.751563 0.284753 0.754687 0.286996 0.756250 0.286996 0.757812 0.289238 0.759375 0.289238 0.760938 0.302691 0.760938 0.304933 0.759375 0.322870 0.759375 0.325112 0.757812 0.343049 0.757812 0.345291 0.756250 0.360987 0.756250 0.360987 0.751563
74 0.251121 0.728125 0.248879 0.726562 0.235426 0.726562 0.235426 0.728125 0.230942 0.731250 0.230942 0.732812 0.226457 0.735938 0.226457 0.739062 0.233184 0.739062 0.235426 0.737500 0.239910 0.737500 0.242152 0.735938 0.244395 0.735938 0.246637 0.734375 0.246637 0.732812 0.248879 0.731250 0.248879 0.729688 0.251121 0.728125
75 0.417040 0.831250 0.412556 0.828125 0.383408 0.828125 0.381166 0.829688 0.352018 0.829688 0.349776 0.831250 0.349776 0.832812 0.347534 0.834375 0.349776 0.835938 0.352018 0.835938 0.354260 0.837500 0.412556 0.837500 0.417040 0.834375 0.417040 0.831250
75 0.334081 0.851562 0.334081 0.853125 0.336323 0.853125 0.343049 0.857812 0.345291 0.857812 0.347534 0.856250 0.349776 0.856250 0.352018 0.854688 0.349776 0.854688 0.347534 0.853125 0.345291 0.853125 0.343049 0.851562 0.340807 0.851562 0.338565 0.850000 0.336323 0.851562 0.334081 0.851562
75 0.818386 0.779687 0.818386 0.781250 0.820628 0.782813 0.820628 0.784375 0.831839 0.784375 0.834081 0.785937 0.860987 0.785937 0.860987 0.784375 0.863229 0.782813 0.863229 0.779687 0.860987 0.778125 0.838565 0.778125 0.836323 0.776563 0.822870 0.776563 0.818386 0.779687
84 0.327354 0.839063 0.325112 0.839063 0.320628 0.842187 0.318386 0.842187 0.316143 0.843750 0.313901 0.843750 0.311659 0.845313 0.304933 0.845313 0.302691 0.846875 0.291480 0.846875 0.289238 0.848437 0.280269 0.848437 0.278027 0.850000 0.266816 0.850000 0.264574 0.851562 0.257848 0.851562 0.255605 0.853125 0.246637 0.853125 0.244395 0.854688 0.242152 0.854688 0.242152 0.860938 0.244395 0.862500 0.244395 0.864062 0.246637 0.865625 0.246637 0.867188 0.251121 0.870313 0.251121 0.871875 0.253363 0.873437 0.253363 0.875000 0.255605 0.875000 0.257848 0.873437 0.264574 0.873437 0.266816 0.871875 0.275785 0.871875 0.278027 0.870313 0.284753 0.870313 0.286996 0.868750 0.293722 0.868750 0.295964 0.867188 0.304933 0.867188 0.307175 0.865625 0.313901 0.865625 0.316143 0.864062 0.325112 0.864062 0.327354 0.862500 0.331839 0.862500 0.331839 0.859375 0.329596 0.857812 0.329596 0.853125 0.325112 0.850000 0.325112 0.848437 0.322870 0.846875 0.322870 0.845313 0.325112 0.843750 0.325112 0.842187 0.327354 0.840625 0.327354 0.839063
84 0.347534 0.850000 0.356502 0.850000 0.358744 0.851562 0.358744 0.853125 0.356502 0.854688 0.356502 0.856250 0.354260 0.857812 0.354260 0.859375 0.349776 0.862500 0.349776 0.870313 0.367713 0.870313 0.369955 0.871875 0.405830 0.871875 0.408072 0.873437 0.426009 0.873437 0.430493 0.870313 0.430493 0.868750 0.434978 0.865625 0.434978 0.864062 0.439462 0.860938 0.439462 0.857812 0.437220 0.856250 0.437220 0.851562 0.430493 0.851562 0.428251 0.850000 0.403587 0.850000 0.401345 0.848437 0.376682 0.848437 0.374439 0.846875 0.372197 0.846875 0.369955 0.848437 0.356502 0.848437 0.354260 0.850000 0.347534 0.850000
84 0.260090 0.846875 0.289238 0.846875 0.291480 0.845313 0.302691 0.845313 0.304933 0.843750 0.311659 0.843750 0.313901 0.842187 0.316143 0.842187 0.318386 0.840625 0.320628 0.840625 0.325112 0.837500 0.327354 0.837500 0.329596 0.839063 0.329596 0.840625 0.327354 0.842187 0.327354 0.843750 0.325112 0.845313 0.340807 0.845313 0.343049 0.843750 0.347534 0.843750 0.347534 0.840625 0.349776 0.839063 0.349776 0.837500 0.345291 0.834375 0.347534 0.832812 0.347534 0.831250 0.352018 0.828125 0.354260 0.828125 0.354260 0.823438 0.356502 0.821875 0.356502 0.818750 0.358744 0.817187 0.358744 0.815625 0.300448 0.815625 0.298206 0.817187 0.280269 0.817187 0.278027 0.818750 0.278027 0.821875 0.275785 0.823438 0.275785 0.825000 0.273543 0.826562 0.273543 0.828125 0.271300 0.829688 0.271300 0.831250 0.269058 0.832812 0.269058 0.834375 0.266816 0.835938 0.266816 0.839063 0.264574 0.840625 0.264574 0.842187 0.262332 0.843750 0.262332 0.845313 0.260090 0.846875
84 0.360987 0.798438 0.360987 0.806250 0.363229 0.807813 0.363229 0.814063 0.365471 0.815625 0.365471 0.820312 0.405830 0.820312 0.408072 0.818750 0.430493 0.818750 0.430493 0.812500 0.428251 0.810937 0.428251 0.809375 0.426009 0.807813 0.426009 0.806250 0.423767 0.804688 0.423767 0.803125 0.421525 0.801562 0.421525 0.800000 0.417040 0.796875 0.376682 0.796875 0.374439 0.798438 0.360987 0.798438
85 0.479821 0.432812 0.473094 0.437500 0.470852 0.437500 0.468610 0.439063 0.468610 0.440625 0.466368 0.442188 0.466368 0.443750 0.464126 0.445312 0.464126 0.448437 0.461883 0.450000 0.461883 0.457813 0.464126 0.459375 0.464126 0.460938 0.466368 0.462500 0.466368 0.464062 0.479821 0.473438 0.504484 0.473438 0.508969 0.470313 0.511211 0.470313 0.515695 0.467187 0.517937 0.467187 0.517937 0.465625 0.520179 0.464062 0.520179 0.460938 0.522422 0.459375 0.522422 0.445312 0.520179 0.443750 0.520179 0.442188 0.515695 0.439063 0.515695 0.437500 0.513453 0.435937 0.511211 0.435937 0.506726 0.432812 0.502242 0.432812 0.500000 0.431250 0.486547 0.431250 0.484305 0.432812 0.479821 0.432812
