1 0.903125 0.224771 0.903125 0.233945 0.904687 0.238532 0.903125 0.233945 0.903125 0.224771 0.893750 0.178899 0.893750 0.197248 0.895312 0.201835 0.895312 0.211009 0.896875 0.215596 0.896875 0.220183 0.898438 0.224771 0.898438 0.229358 0.898438 0.178899 0.893750 0.178899 0.889062 0.151376 0.889062 0.155963 0.890625 0.155963 0.893750 0.165138 0.898438 0.165138 0.900000 0.169725 0.904687 0.169725 0.898438 0.151376 0.898438 0.142202 0.896875 0.137615 0.896875 0.133028 0.895312 0.137615 0.895312 0.146789 0.893750 0.151376 0.889062 0.151376
1 0.854688 0.096330 0.853125 0.100917 0.851562 0.100917 0.851562 0.105505 0.853125 0.110092 0.853125 0.119266 0.859375 0.137615 0.860938 0.137615 0.862500 0.142202 0.860938 0.146789 0.859375 0.146789 0.859375 0.183486 0.857812 0.188073 0.857812 0.201835 0.856250 0.206422 0.856250 0.211009 0.859375 0.211009 0.860938 0.206422 0.860938 0.197248 0.862500 0.192661 0.862500 0.165138 0.864062 0.160550 0.864062 0.151376 0.865625 0.146789 0.865625 0.142202 0.862500 0.133028 0.862500 0.123853 0.860938 0.119266 0.860938 0.114679 0.856250 0.100917 0.856250 0.096330 0.854688 0.096330
1 0.120313 0.458716 0.120313 0.481651 0.121875 0.486239 0.121875 0.545872 0.120313 0.550459 0.120313 0.555046 0.118750 0.559633 0.118750 0.568807 0.117188 0.573394 0.118750 0.573394 0.121875 0.564220 0.123438 0.564220 0.126562 0.555046 0.126562 0.536697 0.128125 0.532110 0.128125 0.486239 0.126562 0.486239 0.123438 0.477064 0.125000 0.472477 0.120313 0.458716 0.131250 0.362385 0.123438 0.385321 0.121875 0.385321 0.120313 0.389908 0.120313 0.444954 0.121875 0.440367 0.123438 0.440367 0.125000 0.444954 0.126562 0.444954 0.129688 0.454128 0.128125 0.458716 0.131250 0.467890 0.131250 0.477064 0.132812 0.472477 0.135937 0.481651 0.135937 0.500000 0.137500 0.504587 0.137500 0.522936 0.139063 0.527523 0.139063 0.568807 0.140625 0.573394 0.140625 0.577982 0.143750 0.577982 0.143750 0.518349 0.142187 0.513761 0.142187 0.490826 0.140625 0.486239 0.140625 0.412844 0.135937 0.399083 0.135937 0.394495 0.131250 0.380734 0.131250 0.362385
1 0.584375 0.114679 0.581250 0.123853 0.581250 0.128440 0.582812 0.133028 0.582812 0.137615 0.584375 0.142202 0.585938 0.142202 0.587500 0.146789 0.589063 0.146789 0.590625 0.151376 0.590625 0.155963 0.592187 0.160550 0.592187 0.169725 0.589063 0.178899 0.590625 0.183486 0.590625 0.188073 0.592187 0.192661 0.592187 0.211009 0.590625 0.215596 0.589063 0.215596 0.595313 0.215596 0.595313 0.211009 0.593750 0.206422 0.593750 0.197248 0.595313 0.192661 0.598437 0.201835 0.598437 0.220183 0.596875 0.224771 0.596875 0.229358 0.595313 0.233945 0.593750 0.233945 0.595313 0.238532 0.601562 0.238532 0.601562 0.188073 0.604688 0.178899 0.604688 0.174312 0.606250 0.169725 0.606250 0.151376 0.603125 0.142202 0.600000 0.142202 0.598437 0.137615 0.596875 0.137615 0.593750 0.128440 0.590625 0.128440 0.587500 0.119266 0.587500 0.114679 0.584375 0.114679
1 0.937500 0.036697 0.937500 0.041284 0.935937 0.045872 0.935937 0.055046 0.934375 0.059633 0.934375 0.064220 0.932813 0.068807 0.934375 0.068807 0.935937 0.073394 0.939063 0.073394 0.940625 0.077982 0.945312 0.077982 0.945312 0.064220 0.942187 0.055046 0.942187 0.050459 0.943750 0.045872 0.943750 0.041284 0.942187 0.041284 0.940625 0.036697 0.937500 0.036697
1 0.892188 0.853211 0.890625 0.857798 0.889062 0.857798 0.890625 0.857798 0.892188 0.853211 0.904687 0.733945 0.900000 0.747706 0.900000 0.770642 0.901563 0.775229 0.901563 0.779817 0.903125 0.784404 0.904687 0.779817 0.906250 0.784404 0.906250 0.788991 0.907813 0.793578 0.907813 0.802752 0.906250 0.807339 0.906250 0.811927 0.904687 0.816514 0.901563 0.816514 0.900000 0.821101 0.900000 0.825688 0.896875 0.834862 0.896875 0.844037 0.895312 0.848624 0.895312 0.853211 0.898438 0.862385 0.898438 0.866972 0.900000 0.866972 0.903125 0.876147 0.903125 0.880734 0.906250 0.889908 0.906250 0.894495 0.909375 0.903670 0.915625 0.903670 0.923438 0.880734 0.921875 0.876147 0.921875 0.871560 0.920312 0.866972 0.926562 0.848624 0.926562 0.802752 0.925000 0.798165 0.925000 0.793578 0.923438 0.788991 0.923438 0.784404 0.920312 0.775229 0.920312 0.770642 0.917188 0.761468 0.917188 0.756881 0.915625 0.752294 0.915625 0.747706 0.912500 0.738532 0.910937 0.738532 0.909375 0.733945 0.904687 0.733945
1 0.839063 0.623853 0.839063 0.729358 0.837500 0.733945 0.837500 0.756881 0.835938 0.761468 0.835938 0.770642 0.834375 0.775229 0.834375 0.788991 0.832812 0.793578 0.832812 0.807339 0.831250 0.811927 0.831250 0.825688 0.829688 0.830275 0.829688 0.839450 0.831250 0.834862 0.834375 0.834862 0.835938 0.839450 0.837500 0.834862 0.839063 0.834862 0.854688 0.788991 0.859375 0.802752 0.859375 0.807339 0.862500 0.816514 0.862500 0.821101 0.865625 0.830275 0.865625 0.834862 0.868750 0.844037 0.868750 0.848624 0.871875 0.857798 0.871875 0.862385 0.873437 0.866972 0.873437 0.862385 0.871875 0.857798 0.871875 0.811927 0.870313 0.807339 0.870313 0.766055 0.868750 0.761468 0.868750 0.720183 0.867188 0.715596 0.867188 0.706422 0.864062 0.692661 0.864062 0.683486 0.862500 0.678899 0.862500 0.674312 0.860938 0.669725 0.860938 0.665138 0.856250 0.642202 0.856250 0.633028 0.854688 0.628440 0.854688 0.623853 0.848437 0.623853 0.846875 0.628440 0.846875 0.642202 0.848437 0.646789 0.848437 0.665138 0.846875 0.669725 0.845313 0.669725 0.843750 0.665138 0.843750 0.669725 0.842187 0.674312 0.840625 0.669725 0.840625 0.623853 0.839063 0.623853
1 0.929688 0.711009 0.926562 0.720183 0.926562 0.724771 0.925000 0.729358 0.926562 0.733945 0.926562 0.743119 0.929688 0.743119 0.932813 0.752294 0.932813 0.761468 0.935937 0.770642 0.935937 0.775229 0.937500 0.779817 0.937500 0.788991 0.940625 0.788991 0.942187 0.793578 0.942187 0.798165 0.943750 0.802752 0.943750 0.811927 0.945312 0.816514 0.945312 0.839450 0.943750 0.844037 0.943750 0.899083 0.939063 0.912844 0.937500 0.912844 0.939063 0.917431 0.950000 0.917431 0.951562 0.912844 0.951562 0.894495 0.954688 0.885321 0.956250 0.885321 0.956250 0.880734 0.957812 0.876147 0.957812 0.871560 0.956250 0.866972 0.956250 0.848624 0.957812 0.844037 0.957812 0.834862 0.959375 0.830275 0.959375 0.821101 0.967187 0.798165 0.965625 0.793578 0.965625 0.775229 0.962500 0.766055 0.960938 0.766055 0.957812 0.756881 0.956250 0.756881 0.953125 0.747706 0.951562 0.747706 0.948438 0.738532 0.946875 0.738532 0.945312 0.733945 0.943750 0.733945 0.942187 0.729358 0.940625 0.729358 0.937500 0.720183 0.937500 0.715596 0.935937 0.715596 0.934375 0.711009 0.929688 0.711009
1 0.432812 0.027523 0.425000 0.050459 0.425000 0.059633 0.423438 0.064220 0.423438 0.077982 0.425000 0.082569 0.425000 0.096330 0.423438 0.100917 0.423438 0.105505 0.420312 0.114679 0.420312 0.119266 0.418750 0.123853 0.418750 0.128440 0.417187 0.133028 0.417187 0.137615 0.415625 0.142202 0.415625 0.146789 0.420312 0.146789 0.421875 0.151376 0.423438 0.146789 0.423438 0.142202 0.425000 0.137615 0.425000 0.133028 0.426563 0.128440 0.426563 0.123853 0.428125 0.119266 0.429688 0.123853 0.431250 0.119266 0.431250 0.114679 0.432812 0.110092 0.432812 0.105505 0.434375 0.100917 0.434375 0.096330 0.435937 0.091743 0.437500 0.091743 0.439063 0.096330 0.440625 0.096330 0.440625 0.050459 0.439063 0.045872 0.439063 0.041284 0.437500 0.041284 0.432812 0.027523
1 0.443750 0.087156 0.442188 0.091743 0.442188 0.105505 0.440625 0.110092 0.442188 0.110092 0.443750 0.114679 0.443750 0.119266 0.445312 0.123853 0.445312 0.128440 0.443750 0.133028 0.442188 0.133028 0.440625 0.137615 0.439063 0.137615 0.434375 0.123853 0.437500 0.114679 0.432812 0.123853 0.432812 0.128440 0.434375 0.128440 0.437500 0.137615 0.437500 0.174312 0.435937 0.178899 0.435937 0.183486 0.434375 0.188073 0.434375 0.192661 0.431250 0.201835 0.431250 0.206422 0.429688 0.211009 0.429688 0.215596 0.423438 0.233945 0.423438 0.238532 0.426563 0.238532 0.428125 0.233945 0.431250 0.233945 0.431250 0.229358 0.434375 0.220183 0.434375 0.215596 0.435937 0.211009 0.435937 0.206422 0.442188 0.188073 0.445312 0.188073 0.457813 0.224771 0.457813 0.229358 0.460938 0.238532 0.460938 0.247706 0.462500 0.252294 0.464062 0.247706 0.464062 0.229358 0.462500 0.224771 0.462500 0.220183 0.459375 0.211009 0.459375 0.206422 0.456250 0.197248 0.456250 0.192661 0.453125 0.183486 0.453125 0.178899 0.451562 0.174312 0.451562 0.165138 0.450000 0.160550 0.450000 0.155963 0.451562 0.151376 0.451562 0.142202 0.454688 0.128440 0.453125 0.123853 0.453125 0.119266 0.448437 0.110092 0.448437 0.096330 0.446875 0.091743 0.446875 0.087156 0.443750 0.087156
1 0.868750 0.146789 0.881250 0.146789 0.882812 0.151376 0.887500 0.151376 0.887500 0.146789 0.889062 0.142202 0.889062 0.137615 0.887500 0.133028 0.885938 0.133028 0.884375 0.128440 0.882812 0.128440 0.881250 0.123853 0.881250 0.114679 0.879687 0.110092 0.878125 0.110092 0.876563 0.114679 0.876563 0.123853 0.878125 0.128440 0.876563 0.133028 0.875000 0.133028 0.871875 0.142202 0.870313 0.142202 0.868750 0.146789
1 0.909375 0.146789 0.909375 0.151376 0.907813 0.155963 0.909375 0.160550 0.909375 0.165138 0.912500 0.174312 0.912500 0.247706 0.914062 0.252294 0.915625 0.252294 0.917188 0.247706 0.917188 0.178899 0.915625 0.174312 0.915625 0.165138 0.909375 0.146789
1 0.348438 0.105505 0.346875 0.105505 0.345313 0.110092 0.343750 0.110092 0.342187 0.114679 0.340625 0.114679 0.339062 0.119266 0.339062 0.123853 0.335938 0.133028 0.335938 0.142202 0.334375 0.146789 0.334375 0.174312 0.332813 0.178899 0.332813 0.188073 0.331250 0.192661 0.331250 0.201835 0.329688 0.206422 0.329688 0.215596 0.328125 0.220183 0.328125 0.224771 0.326562 0.229358 0.329688 0.238532 0.329688 0.243119 0.329688 0.238532 0.332813 0.229358 0.332813 0.224771 0.334375 0.220183 0.334375 0.201835 0.340625 0.183486 0.346875 0.183486 0.350000 0.192661 0.350000 0.201835 0.351562 0.206422 0.351562 0.211009 0.353125 0.215596 0.353125 0.224771 0.354687 0.229358 0.354687 0.233945 0.356250 0.238532 0.359375 0.238532 0.359375 0.233945 0.360938 0.229358 0.359375 0.224771 0.359375 0.220183 0.357812 0.215596 0.357812 0.211009 0.356250 0.206422 0.356250 0.201835 0.354687 0.197248 0.354687 0.192661 0.351562 0.183486 0.351562 0.169725 0.353125 0.165138 0.353125 0.160550 0.354687 0.155963 0.354687 0.146789 0.356250 0.142202 0.356250 0.137615 0.350000 0.119266 0.350000 0.110092 0.348438 0.105505
1 0.798438 0.004587 0.798438 0.027523 0.803125 0.041284 0.823438 0.045872 0.828125 0.064220 0.823438 0.082569 0.823438 0.110092 0.837500 0.133028 0.834375 0.142202 0.834375 0.192661 0.839063 0.206422 0.854688 0.211009 0.857812 0.146789 0.860938 0.142202 0.850000 0.105505 0.856250 0.091743 0.867188 0.142202 0.864062 0.211009 0.860938 0.220183 0.865625 0.233945 0.875000 0.233945 0.879687 0.247706 0.889062 0.247706 0.893750 0.238532 0.898438 0.252294 0.910937 0.252294 0.910937 0.174312 0.907813 0.160550 0.903125 0.160550 0.906250 0.169725 0.895312 0.174312 0.887500 0.155963 0.871875 0.155963 0.867188 0.146789 0.876563 0.128440 0.875000 0.114679 0.879687 0.105505 0.890625 0.137615 0.890625 0.146789 0.896875 0.128440 0.900000 0.146789 0.909375 0.142202 0.917188 0.165138 0.920312 0.224771 0.918750 0.256881 0.928125 0.288991 0.937500 0.288991 0.940625 0.279817 0.940625 0.238532 0.945312 0.211009 0.948438 0.220183 0.948438 0.243119 0.957812 0.270642 0.981250 0.284404 0.984375 0.293578 0.985938 0.325688 0.998437 0.334862 0.998437 0.243119 0.989062 0.238532 0.985938 0.224771 0.985938 0.192661 0.998437 0.183486 0.998437 0.013761 0.987500 0.000000 0.798438 0.004587 0.729688 0.000000 0.728125 0.004587 0.728125 0.027523 0.729688 0.032110 0.729688 0.068807 0.731250 0.073394 0.731250 0.077982 0.742188 0.110092 0.743750 0.110092 0.750000 0.128440 0.756250 0.128440 0.759375 0.137615 0.768750 0.137615 0.771875 0.128440 0.771875 0.119266 0.773438 0.114679 0.773438 0.110092 0.771875 0.105505 0.771875 0.096330 0.768750 0.087156 0.762500 0.087156 0.759375 0.077982 0.756250 0.077982 0.754687 0.073394 0.754687 0.068807 0.751563 0.059633 0.750000 0.059633 0.748437 0.055046 0.748437 0.050459 0.746875 0.045872 0.748437 0.041284 0.748437 0.009174 0.746875 0.004587 0.746875 0.000000 0.729688 0.000000
39 0.846875 0.555046 0.845313 0.559633 0.842187 0.559633 0.842187 0.564220 0.843750 0.568807 0.843750 0.600917 0.842187 0.605505 0.842187 0.669725 0.842187 0.665138 0.843750 0.660550 0.845313 0.665138 0.846875 0.665138 0.846875 0.646789 0.845313 0.642202 0.845313 0.628440 0.846875 0.623853 0.846875 0.555046
40 0.898438 0.871560 0.896875 0.866972 0.896875 0.862385 0.893750 0.853211 0.890625 0.862385 0.887500 0.862385 0.887500 0.871560 0.885938 0.876147 0.887500 0.876147 0.889062 0.880734 0.896875 0.880734 0.896875 0.876147 0.898438 0.871560
40 0.121875 0.444954 0.120313 0.449541 0.120313 0.454128 0.126562 0.472477 0.125000 0.477064 0.126562 0.481651 0.129688 0.481651 0.129688 0.467890 0.126562 0.458716 0.128125 0.454128 0.126562 0.449541 0.125000 0.449541 0.123438 0.444954 0.121875 0.444954
40 0.435937 0.123853 0.439063 0.133028 0.440625 0.133028 0.442188 0.128440 0.443750 0.128440 0.443750 0.123853 0.442188 0.119266 0.442188 0.114679 0.439063 0.114679 0.435937 0.123853
