1 0.257812 0.720833 0.250000 0.727083 0.250000 0.741667 0.256250 0.764583 0.264062 0.766667 0.265625 0.770833 0.239063 0.868750 0.235937 0.872917 0.225000 0.870833 0.218750 0.881250 0.226562 0.891667 0.240625 0.889583 0.250000 0.864583 0.264062 0.845833 0.265625 0.858333 0.254688 0.866667 0.259375 0.883333 0.262500 0.887500 0.267188 0.887500 0.257812 0.968750 0.259375 0.972917 0.271875 0.970833 0.281250 0.997917 0.312500 0.997917 0.301563 0.975000 0.304688 0.960417 0.314063 0.950000 0.320312 0.947917 0.321875 0.943750 0.321875 0.929167 0.328125 0.900000 0.328125 0.868750 0.307812 0.868750 0.303125 0.862500 0.300000 0.862500 0.279687 0.820833 0.282813 0.818750 0.293750 0.827083 0.303125 0.812500 0.301563 0.783333 0.295312 0.766667 0.279687 0.760417 0.276562 0.756250 0.289062 0.752083 0.303125 0.762500 0.293750 0.750000 0.290625 0.727083 0.284375 0.720833 0.257812 0.720833
1 0.901563 0.683333 0.900000 0.685417 0.900000 0.687500 0.898438 0.689583 0.900000 0.691667 0.900000 0.695833 0.896875 0.700000 0.896875 0.702083 0.895312 0.704167 0.892188 0.700000 0.892188 0.702083 0.893750 0.704167 0.893750 0.708333 0.895312 0.710417 0.895312 0.716667 0.896875 0.718750 0.896875 0.725000 0.898438 0.727083 0.898438 0.731250 0.900000 0.733333 0.900000 0.739583 0.898438 0.741667 0.898438 0.762500 0.900000 0.762500 0.901563 0.764583 0.904687 0.764583 0.906250 0.766667 0.907813 0.766667 0.909375 0.768750 0.910937 0.768750 0.910937 0.762500 0.912500 0.760417 0.912500 0.733333 0.914062 0.731250 0.914062 0.716667 0.912500 0.714583 0.912500 0.704167 0.909375 0.700000 0.909375 0.697917 0.907813 0.695833 0.907813 0.693750 0.906250 0.691667 0.906250 0.685417 0.904687 0.685417 0.903125 0.683333 0.901563 0.683333
1 0.845313 0.685417 0.845313 0.687500 0.843750 0.689583 0.843750 0.697917 0.842187 0.700000 0.842187 0.702083 0.840625 0.704167 0.840625 0.710417 0.839063 0.712500 0.839063 0.718750 0.840625 0.720833 0.840625 0.733333 0.842187 0.735417 0.842187 0.760417 0.840625 0.762500 0.840625 0.764583 0.845313 0.764583 0.846875 0.766667 0.845313 0.764583 0.843750 0.764583 0.842187 0.762500 0.843750 0.760417 0.843750 0.756250 0.846875 0.752083 0.848437 0.754167 0.848437 0.756250 0.850000 0.758333 0.850000 0.764583 0.851562 0.766667 0.853125 0.764583 0.859375 0.764583 0.857812 0.764583 0.856250 0.762500 0.854688 0.762500 0.851562 0.758333 0.851562 0.752083 0.850000 0.750000 0.850000 0.739583 0.851562 0.737500 0.851562 0.722917 0.856250 0.716667 0.853125 0.712500 0.850000 0.712500 0.848437 0.710417 0.848437 0.702083 0.846875 0.700000 0.850000 0.695833 0.850000 0.689583 0.846875 0.685417 0.845313 0.685417
1 0.225000 0.679167 0.221875 0.683333 0.221875 0.685417 0.220312 0.687500 0.220312 0.693750 0.217188 0.697917 0.217188 0.702083 0.215625 0.704167 0.215625 0.710417 0.217188 0.712500 0.217188 0.727083 0.218750 0.729167 0.218750 0.750000 0.220312 0.752083 0.221875 0.752083 0.226562 0.745833 0.226562 0.743750 0.228125 0.741667 0.231250 0.745833 0.231250 0.752083 0.232813 0.754167 0.234375 0.754167 0.235937 0.756250 0.235937 0.733333 0.234375 0.731250 0.234375 0.712500 0.237500 0.708333 0.239063 0.710417 0.237500 0.708333 0.237500 0.704167 0.235937 0.702083 0.235937 0.700000 0.234375 0.697917 0.234375 0.695833 0.231250 0.691667 0.231250 0.681250 0.229687 0.679167 0.225000 0.679167
1 0.142187 0.679167 0.139063 0.679167 0.137500 0.681250 0.135937 0.681250 0.135937 0.683333 0.134375 0.685417 0.134375 0.689583 0.129688 0.695833 0.128125 0.695833 0.125000 0.702083 0.125000 0.712500 0.123438 0.714583 0.123438 0.720833 0.121875 0.722917 0.121875 0.741667 0.123438 0.739583 0.123438 0.729167 0.125000 0.727083 0.126562 0.729167 0.126562 0.741667 0.128125 0.743750 0.128125 0.745833 0.126562 0.747917 0.126562 0.762500 0.125000 0.764583 0.125000 0.777083 0.126562 0.779167 0.128125 0.779167 0.128125 0.766667 0.129688 0.764583 0.129688 0.743750 0.131250 0.741667 0.131250 0.735417 0.128125 0.731250 0.128125 0.729167 0.129688 0.727083 0.131250 0.727083 0.131250 0.722917 0.132812 0.720833 0.134375 0.720833 0.134375 0.718750 0.135937 0.716667 0.137500 0.718750 0.148438 0.718750 0.148438 0.716667 0.150000 0.714583 0.151562 0.714583 0.151562 0.706250 0.145313 0.693750 0.145313 0.683333 0.142187 0.679167
1 0.475000 0.702083 0.465625 0.708333 0.457813 0.722917 0.451562 0.739583 0.450000 0.785417 0.456250 0.785417 0.456250 0.772917 0.454688 0.768750 0.459375 0.758333 0.462500 0.764583 0.462500 0.789583 0.467187 0.806250 0.468750 0.843750 0.470313 0.845833 0.464062 0.852083 0.459375 0.854167 0.459375 0.856250 0.460938 0.858333 0.473438 0.858333 0.476562 0.854167 0.476562 0.804167 0.478125 0.802083 0.484375 0.818750 0.484375 0.835417 0.487500 0.841667 0.487500 0.845833 0.490625 0.854167 0.496875 0.860417 0.500000 0.858333 0.500000 0.856250 0.492188 0.843750 0.492188 0.816667 0.490625 0.814583 0.490625 0.789583 0.489063 0.787500 0.489063 0.781250 0.487500 0.777083 0.478125 0.766667 0.478125 0.752083 0.484375 0.745833 0.493750 0.754167 0.495312 0.752083 0.495312 0.745833 0.490625 0.739583 0.481250 0.720833 0.479687 0.702083 0.475000 0.702083
1 0.345313 0.691667 0.343750 0.693750 0.343750 0.702083 0.342187 0.704167 0.342187 0.710417 0.343750 0.712500 0.340625 0.716667 0.339062 0.722917 0.334375 0.729167 0.332813 0.729167 0.332813 0.745833 0.334375 0.745833 0.337500 0.750000 0.335938 0.752083 0.335938 0.756250 0.332813 0.762500 0.332813 0.768750 0.334375 0.770833 0.334375 0.775000 0.335938 0.777083 0.339062 0.777083 0.343750 0.781250 0.346875 0.781250 0.348438 0.783333 0.350000 0.783333 0.353125 0.787500 0.353125 0.789583 0.350000 0.793750 0.350000 0.795833 0.353125 0.802083 0.353125 0.808333 0.354687 0.810417 0.354687 0.814583 0.354687 0.768750 0.353125 0.766667 0.353125 0.760417 0.351562 0.758333 0.351562 0.754167 0.350000 0.752083 0.351562 0.750000 0.351562 0.747917 0.354687 0.743750 0.354687 0.741667 0.356250 0.739583 0.356250 0.735417 0.364063 0.725000 0.364063 0.722917 0.362500 0.722917 0.360938 0.725000 0.357812 0.725000 0.354687 0.731250 0.353125 0.729167 0.353125 0.725000 0.351562 0.722917 0.350000 0.716667 0.354687 0.710417 0.354687 0.708333 0.356250 0.706250 0.356250 0.702083 0.354687 0.700000 0.354687 0.695833 0.353125 0.695833 0.351562 0.693750 0.346875 0.693750 0.345313 0.691667
1 0.307812 0.689583 0.306250 0.691667 0.304688 0.691667 0.304688 0.695833 0.303125 0.697917 0.303125 0.702083 0.306250 0.706250 0.306250 0.708333 0.307812 0.710417 0.306250 0.712500 0.303125 0.712500 0.301563 0.714583 0.300000 0.714583 0.300000 0.718750 0.298438 0.720833 0.298438 0.737500 0.300000 0.739583 0.300000 0.754167 0.304688 0.760417 0.307812 0.760417 0.309375 0.762500 0.312500 0.762500 0.314063 0.764583 0.317188 0.764583 0.318750 0.766667 0.323437 0.766667 0.325000 0.768750 0.328125 0.768750 0.328125 0.764583 0.326562 0.762500 0.326562 0.758333 0.325000 0.756250 0.325000 0.750000 0.323437 0.747917 0.323437 0.743750 0.325000 0.741667 0.325000 0.731250 0.323437 0.729167 0.323437 0.727083 0.321875 0.725000 0.321875 0.722917 0.320312 0.720833 0.320312 0.718750 0.317188 0.714583 0.317188 0.710417 0.318750 0.708333 0.320312 0.708333 0.320312 0.695833 0.315625 0.689583 0.307812 0.689583
1 0.423438 0.689583 0.423438 0.691667 0.420312 0.695833 0.420312 0.697917 0.418750 0.700000 0.418750 0.702083 0.415625 0.706250 0.415625 0.725000 0.414062 0.727083 0.414062 0.814583 0.412500 0.816667 0.412500 0.837500 0.415625 0.833333 0.415625 0.831250 0.423438 0.820833 0.423438 0.818750 0.429688 0.810417 0.429688 0.806250 0.431250 0.804167 0.431250 0.791667 0.432812 0.789583 0.432812 0.779167 0.434375 0.777083 0.434375 0.764583 0.435937 0.762500 0.435937 0.720833 0.434375 0.718750 0.434375 0.716667 0.432812 0.714583 0.432812 0.712500 0.431250 0.710417 0.431250 0.708333 0.429688 0.706250 0.429688 0.704167 0.428125 0.702083 0.428125 0.700000 0.426563 0.697917 0.426563 0.695833 0.423438 0.689583
1 0.206250 0.677083 0.201563 0.677083 0.201563 0.679167 0.198437 0.683333 0.198437 0.704167 0.196875 0.706250 0.196875 0.710417 0.195312 0.712500 0.195312 0.720833 0.196875 0.722917 0.196875 0.729167 0.198437 0.731250 0.198437 0.737500 0.196875 0.739583 0.196875 0.747917 0.198437 0.750000 0.196875 0.752083 0.203125 0.752083 0.203125 0.750000 0.201563 0.747917 0.201563 0.745833 0.203125 0.743750 0.203125 0.731250 0.206250 0.727083 0.204687 0.725000 0.204687 0.720833 0.206250 0.718750 0.206250 0.708333 0.207813 0.706250 0.209375 0.706250 0.209375 0.700000 0.207813 0.697917 0.207813 0.691667 0.204687 0.687500 0.204687 0.685417 0.207813 0.681250 0.207813 0.679167 0.206250 0.677083
1 0.503125 0.695833 0.501563 0.697917 0.501563 0.704167 0.500000 0.706250 0.500000 0.718750 0.501563 0.720833 0.501563 0.731250 0.498437 0.735417 0.496875 0.735417 0.495312 0.737500 0.495312 0.739583 0.498437 0.745833 0.498437 0.766667 0.496875 0.768750 0.496875 0.777083 0.495312 0.779167 0.495312 0.800000 0.496875 0.802083 0.496875 0.812500 0.498437 0.814583 0.498437 0.827083 0.500000 0.829167 0.500000 0.839583 0.501563 0.841667 0.501563 0.845833 0.506250 0.850000 0.512500 0.850000 0.514062 0.847917 0.517188 0.847917 0.517188 0.816667 0.518750 0.814583 0.518750 0.795833 0.520312 0.793750 0.520312 0.777083 0.521875 0.775000 0.521875 0.758333 0.523438 0.756250 0.523438 0.739583 0.525000 0.737500 0.525000 0.731250 0.523438 0.729167 0.523438 0.722917 0.521875 0.720833 0.521875 0.714583 0.520312 0.712500 0.520312 0.708333 0.518750 0.706250 0.517188 0.700000 0.514062 0.695833 0.503125 0.695833
1 0.403125 0.679167 0.401562 0.681250 0.393750 0.681250 0.392188 0.683333 0.392188 0.687500 0.390625 0.689583 0.389062 0.697917 0.382812 0.706250 0.373437 0.712500 0.370312 0.718750 0.373437 0.727083 0.370312 0.733333 0.370312 0.741667 0.373437 0.750000 0.376563 0.754167 0.376563 0.768750 0.378125 0.770833 0.378125 0.791667 0.376563 0.793750 0.375000 0.833333 0.371875 0.837500 0.373437 0.841667 0.376563 0.843750 0.384375 0.841667 0.384375 0.810417 0.385937 0.808333 0.385937 0.800000 0.389062 0.793750 0.390625 0.795833 0.390625 0.800000 0.395313 0.812500 0.395313 0.835417 0.400000 0.843750 0.400000 0.808333 0.401562 0.806250 0.401562 0.789583 0.407813 0.781250 0.407813 0.777083 0.409375 0.775000 0.409375 0.766667 0.410938 0.764583 0.410938 0.754167 0.412500 0.752083 0.412500 0.722917 0.404687 0.704167 0.407813 0.697917 0.407813 0.685417 0.403125 0.679167
1 0.359375 0.681250 0.359375 0.683333 0.356250 0.687500 0.356250 0.693750 0.357812 0.695833 0.357812 0.708333 0.356250 0.710417 0.356250 0.712500 0.353125 0.716667 0.353125 0.722917 0.354687 0.725000 0.356250 0.725000 0.357812 0.722917 0.360938 0.722917 0.362500 0.720833 0.364063 0.720833 0.365625 0.722917 0.365625 0.725000 0.362500 0.729167 0.362500 0.731250 0.360938 0.733333 0.359375 0.739583 0.353125 0.747917 0.353125 0.750000 0.351562 0.752083 0.353125 0.754167 0.353125 0.758333 0.354687 0.760417 0.354687 0.766667 0.356250 0.768750 0.356250 0.797917 0.357812 0.800000 0.357812 0.812500 0.356250 0.814583 0.356250 0.818750 0.357812 0.820833 0.357812 0.822917 0.359375 0.822917 0.359375 0.818750 0.360938 0.816667 0.360938 0.785417 0.362500 0.783333 0.362500 0.779167 0.364063 0.777083 0.364063 0.770833 0.365625 0.768750 0.365625 0.766667 0.367188 0.764583 0.368750 0.758333 0.371875 0.754167 0.373437 0.754167 0.373437 0.752083 0.371875 0.750000 0.371875 0.747917 0.368750 0.741667 0.368750 0.733333 0.371875 0.727083 0.370312 0.725000 0.370312 0.720833 0.368750 0.718750 0.368750 0.714583 0.367188 0.712500 0.367188 0.697917 0.368750 0.695833 0.368750 0.691667 0.367188 0.689583 0.367188 0.685417 0.365625 0.685417 0.364063 0.683333 0.360938 0.683333 0.359375 0.681250
1 0.412500 0.760417 0.412500 0.768750 0.410938 0.770833 0.410938 0.779167 0.409375 0.781250 0.409375 0.783333 0.404687 0.789583 0.404687 0.795833 0.403125 0.797917 0.403125 0.839583 0.412500 0.839583 0.410938 0.837500 0.410938 0.816667 0.412500 0.814583 0.412500 0.760417 0.375000 0.756250 0.373437 0.756250 0.370312 0.760417 0.370312 0.764583 0.368750 0.766667 0.368750 0.768750 0.367188 0.770833 0.367188 0.772917 0.365625 0.775000 0.365625 0.777083 0.367188 0.779167 0.376563 0.779167 0.376563 0.770833 0.375000 0.768750 0.375000 0.756250 0.914062 0.747917 0.915625 0.747917 0.915625 0.745833 0.917188 0.743750 0.928125 0.743750 0.920312 0.743750 0.918750 0.741667 0.915625 0.741667 0.915625 0.743750 0.914062 0.745833 0.914062 0.747917 0.140625 0.720833 0.135937 0.720833 0.135937 0.722917 0.134375 0.725000 0.132812 0.725000 0.132812 0.729167 0.131250 0.731250 0.131250 0.733333 0.134375 0.737500 0.132812 0.739583 0.132812 0.752083 0.132812 0.750000 0.134375 0.747917 0.134375 0.745833 0.137500 0.741667 0.137500 0.737500 0.139063 0.735417 0.139063 0.722917 0.140625 0.720833 0.335938 0.718750 0.334375 0.720833 0.334375 0.722917 0.332813 0.725000 0.332813 0.727083 0.332813 0.725000 0.334375 0.722917 0.334375 0.720833 0.335938 0.718750 0.964063 0.706250 0.967187 0.706250 0.968750 0.704167 0.978125 0.704167 0.964063 0.704167 0.964063 0.706250 0.854688 0.685417 0.851562 0.689583 0.851562 0.691667 0.853125 0.693750 0.853125 0.695833 0.850000 0.700000 0.850000 0.708333 0.851562 0.710417 0.853125 0.710417 0.859375 0.718750 0.857812 0.720833 0.854688 0.720833 0.854688 0.725000 0.853125 0.727083 0.853125 0.731250 0.854688 0.733333 0.854688 0.741667 0.856250 0.743750 0.856250 0.754167 0.857812 0.756250 0.857812 0.762500 0.859375 0.762500 0.860938 0.764583 0.860938 0.766667 0.859375 0.768750 0.857812 0.768750 0.857812 0.770833 0.862500 0.777083 0.871875 0.777083 0.875000 0.772917 0.875000 0.768750 0.876563 0.766667 0.876563 0.750000 0.875000 0.747917 0.875000 0.745833 0.870313 0.745833 0.868750 0.743750 0.868750 0.741667 0.870313 0.739583 0.870313 0.725000 0.871875 0.722917 0.871875 0.708333 0.873437 0.706250 0.873437 0.695833 0.871875 0.695833 0.868750 0.691667 0.867188 0.691667 0.865625 0.689583 0.864062 0.689583 0.862500 0.687500 0.860938 0.687500 0.859375 0.685417 0.854688 0.685417 0.815625 0.687500 0.814063 0.689583 0.814063 0.691667 0.812500 0.693750 0.812500 0.729167 0.817187 0.735417 0.825000 0.735417 0.826562 0.737500 0.823438 0.741667 0.823438 0.770833 0.828125 0.777083 0.837500 0.777083 0.840625 0.772917 0.840625 0.766667 0.839063 0.764583 0.839063 0.762500 0.840625 0.760417 0.840625 0.735417 0.839063 0.733333 0.839063 0.720833 0.837500 0.718750 0.837500 0.712500 0.839063 0.710417 0.839063 0.695833 0.837500 0.693750 0.837500 0.691667 0.839063 0.689583 0.839063 0.685417 0.823438 0.685417 0.821875 0.687500 0.815625 0.687500 0.289062 0.681250 0.289062 0.683333 0.287500 0.685417 0.287500 0.691667 0.285938 0.693750 0.282813 0.693750 0.281250 0.695833 0.279687 0.695833 0.278125 0.697917 0.278125 0.700000 0.276562 0.702083 0.276562 0.710417 0.273438 0.714583 0.273438 0.716667 0.275000 0.718750 0.284375 0.718750 0.285938 0.720833 0.287500 0.720833 0.292187 0.727083 0.293750 0.725000 0.295312 0.725000 0.296875 0.722917 0.295312 0.722917 0.292187 0.718750 0.292187 0.716667 0.290625 0.714583 0.290625 0.712500 0.292187 0.710417 0.293750 0.710417 0.295312 0.708333 0.295312 0.704167 0.293750 0.702083 0.293750 0.700000 0.290625 0.695833 0.292187 0.693750 0.292187 0.691667 0.293750 0.689583 0.293750 0.681250 0.289062 0.681250 0.739062 0.677083 0.734375 0.683333 0.734375 0.693750 0.735938 0.695833 0.735938 0.697917 0.734375 0.700000 0.734375 0.737500 0.739062 0.743750 0.748437 0.743750 0.753125 0.737500 0.760938 0.737500 0.764062 0.733333 0.764062 0.729167 0.765625 0.727083 0.765625 0.722917 0.767188 0.720833 0.767188 0.716667 0.768750 0.714583 0.768750 0.706250 0.767188 0.704167 0.767188 0.702083 0.768750 0.700000 0.768750 0.695833 0.765625 0.695833 0.764062 0.693750 0.764062 0.691667 0.762500 0.689583 0.762500 0.687500 0.757812 0.687500 0.756250 0.689583 0.751563 0.683333 0.751563 0.681250 0.750000 0.679167 0.746875 0.679167 0.745313 0.677083 0.742188 0.677083 0.742188 0.679167 0.740625 0.681250 0.739062 0.679167 0.739062 0.677083 0.384375 0.670833 0.373437 0.670833 0.368750 0.677083 0.368750 0.679167 0.367188 0.681250 0.367188 0.683333 0.368750 0.685417 0.368750 0.689583 0.370312 0.691667 0.370312 0.710417 0.371875 0.712500 0.373437 0.710417 0.375000 0.710417 0.378125 0.706250 0.379688 0.706250 0.381250 0.704167 0.382812 0.704167 0.387500 0.697917 0.387500 0.695833 0.389062 0.693750 0.389062 0.689583 0.390625 0.687500 0.390625 0.679167 0.387500 0.675000 0.387500 0.672917 0.385937 0.672917 0.384375 0.670833 0.679688 0.664583 0.675000 0.670833 0.675000 0.687500 0.681250 0.695833 0.682813 0.695833 0.693750 0.710417 0.693750 0.714583 0.695312 0.716667 0.695312 0.718750 0.698438 0.722917 0.707812 0.722917 0.712500 0.716667 0.712500 0.712500 0.714063 0.710417 0.714063 0.691667 0.712500 0.689583 0.712500 0.685417 0.714063 0.683333 0.714063 0.675000 0.712500 0.672917 0.712500 0.670833 0.707812 0.664583 0.698438 0.664583 0.696875 0.666667 0.695312 0.664583 0.679688 0.664583 0.417187 0.643750 0.417187 0.647917 0.415625 0.650000 0.415625 0.654167 0.414062 0.656250 0.414062 0.660417 0.412500 0.662500 0.412500 0.664583 0.410938 0.666667 0.410938 0.670833 0.409375 0.672917 0.409375 0.677083 0.407813 0.679167 0.407813 0.683333 0.409375 0.685417 0.409375 0.700000 0.407813 0.702083 0.407813 0.708333 0.409375 0.710417 0.414062 0.710417 0.414062 0.706250 0.417187 0.702083 0.417187 0.700000 0.418750 0.697917 0.418750 0.695833 0.421875 0.691667 0.421875 0.687500 0.425000 0.683333 0.426563 0.683333 0.428125 0.681250 0.428125 0.679167 0.429688 0.677083 0.429688 0.675000 0.431250 0.672917 0.431250 0.664583 0.425000 0.656250 0.425000 0.654167 0.417187 0.643750 0.340625 0.641667 0.334375 0.641667 0.332813 0.643750 0.332813 0.647917 0.331250 0.650000 0.329688 0.650000 0.328125 0.652083 0.328125 0.658333 0.329688 0.660417 0.329688 0.666667 0.331250 0.668750 0.331250 0.670833 0.329688 0.672917 0.328125 0.672917 0.326562 0.670833 0.326562 0.668750 0.325000 0.666667 0.323437 0.666667 0.321875 0.664583 0.310937 0.664583 0.306250 0.670833 0.306250 0.672917 0.304688 0.675000 0.304688 0.683333 0.306250 0.685417 0.306250 0.689583 0.307812 0.687500 0.315625 0.687500 0.321875 0.695833 0.321875 0.697917 0.323437 0.700000 0.323437 0.706250 0.320312 0.710417 0.318750 0.710417 0.318750 0.714583 0.321875 0.718750 0.321875 0.720833 0.325000 0.725000 0.325000 0.727083 0.326562 0.727083 0.326562 0.718750 0.328125 0.716667 0.328125 0.712500 0.329688 0.710417 0.334375 0.710417 0.335938 0.708333 0.337500 0.708333 0.339062 0.706250 0.339062 0.700000 0.337500 0.697917 0.337500 0.685417 0.335938 0.683333 0.335938 0.681250 0.337500 0.679167 0.339062 0.679167 0.339062 0.677083 0.340625 0.675000 0.340625 0.670833 0.337500 0.666667 0.339062 0.664583 0.339062 0.660417 0.337500 0.658333 0.337500 0.654167 0.339062 0.652083 0.340625 0.652083 0.340625 0.650000 0.342187 0.647917 0.342187 0.643750 0.340625 0.641667 0.082812 0.635417 0.065625 0.637500 0.046875 0.652083 0.046875 0.662500 0.051562 0.668750 0.043750 0.677083 0.039062 0.693750 0.025000 0.714583 0.025000 0.725000 0.029687 0.731250 0.050000 0.727083 0.048438 0.737500 0.037500 0.739583 0.032813 0.745833 0.031250 0.822917 0.035937 0.839583 0.035937 0.870833 0.031250 0.885417 0.031250 0.912500 0.034375 0.920833 0.026562 0.933333 0.025000 0.977083 0.029687 0.997917 0.062500 0.997917 0.057813 0.970833 0.062500 0.956250 0.060937 0.912500 0.056250 0.893750 0.064062 0.845833 0.064062 0.804167 0.065625 0.802083 0.075000 0.814583 0.075000 0.827083 0.079687 0.833333 0.089063 0.833333 0.096875 0.822917 0.118750 0.775000 0.120313 0.764583 0.125000 0.760417 0.126562 0.743750 0.125000 0.735417 0.125000 0.741667 0.120313 0.741667 0.123438 0.712500 0.121875 0.714583 0.120313 0.710417 0.107813 0.722917 0.103125 0.747917 0.078125 0.783333 0.062500 0.764583 0.075000 0.727083 0.076563 0.693750 0.079687 0.685417 0.082812 0.687500 0.082812 0.706250 0.085938 0.708333 0.090625 0.672917 0.075000 0.675000 0.087500 0.652083 0.087500 0.641667 0.082812 0.635417
8 0.128125 0.627083 0.121875 0.712500 0.128125 0.689583 0.135937 0.679167 0.142187 0.677083 0.146875 0.683333 0.146875 0.693750 0.153125 0.706250 0.153125 0.727083 0.164062 0.729167 0.165625 0.741667 0.170313 0.745833 0.179688 0.747917 0.184375 0.739583 0.195312 0.737500 0.190625 0.716667 0.195312 0.706250 0.195312 0.687500 0.203125 0.672917 0.209375 0.679167 0.214062 0.700000 0.210938 0.722917 0.204687 0.739583 0.212500 0.750000 0.214062 0.704167 0.218750 0.683333 0.225000 0.677083 0.229687 0.677083 0.232813 0.681250 0.242188 0.714583 0.235937 0.725000 0.237500 0.745833 0.250000 0.747917 0.250000 0.743750 0.245312 0.739583 0.248438 0.727083 0.257812 0.718750 0.270313 0.716667 0.275000 0.710417 0.276562 0.697917 0.285938 0.691667 0.289062 0.679167 0.295312 0.681250 0.295312 0.689583 0.292187 0.695833 0.296875 0.708333 0.292187 0.712500 0.293750 0.718750 0.296875 0.720833 0.298438 0.714583 0.303125 0.710417 0.301563 0.697917 0.304688 0.685417 0.300000 0.681250 0.282813 0.633333 0.128125 0.627083 0.096875 0.627083 0.096875 0.629167 0.095312 0.631250 0.095312 0.643750 0.093750 0.645833 0.093750 0.658333 0.092188 0.660417 0.092188 0.672917 0.090625 0.675000 0.090625 0.687500 0.089063 0.689583 0.089063 0.702083 0.087500 0.704167 0.087500 0.716667 0.085938 0.718750 0.085938 0.720833 0.092188 0.720833 0.092188 0.716667 0.093750 0.714583 0.096875 0.714583 0.098437 0.716667 0.106250 0.716667 0.107813 0.718750 0.107813 0.689583 0.109375 0.687500 0.109375 0.656250 0.110937 0.654167 0.110937 0.633333 0.109375 0.633333 0.107813 0.631250 0.103125 0.631250 0.101562 0.629167 0.098437 0.629167 0.096875 0.627083
8 0.795312 0.691667 0.812500 0.691667 0.815625 0.685417 0.823438 0.683333 0.859375 0.683333 0.875000 0.695833 0.870313 0.743750 0.890625 0.743750 0.896875 0.752083 0.898438 0.733333 0.890625 0.700000 0.892188 0.697917 0.895312 0.702083 0.898438 0.695833 0.896875 0.689583 0.903125 0.681250 0.907813 0.685417 0.907813 0.691667 0.914062 0.704167 0.915625 0.716667 0.914062 0.739583 0.942187 0.745833 0.953125 0.764583 0.973437 0.754167 0.970313 0.745833 0.960938 0.733333 0.962500 0.704167 0.964063 0.702083 0.992188 0.702083 0.989062 0.668750 0.996875 0.652083 0.865625 0.633333 0.803125 0.643750 0.795312 0.691667
8 0.998437 0.675000 0.993750 0.675000 0.992188 0.706250 0.964063 0.708333 0.962500 0.733333 0.975000 0.752083 0.973437 0.756250 0.954688 0.768750 0.940625 0.747917 0.917188 0.745833 0.909375 0.785417 0.812500 0.862500 0.818750 0.997917 0.998437 0.995833 0.998437 0.675000
8 0.742188 0.668750 0.740625 0.668750 0.740625 0.679167 0.740625 0.677083 0.742188 0.675000 0.742188 0.668750 0.746875 0.666667 0.746875 0.677083 0.753125 0.677083 0.754687 0.679167 0.756250 0.679167 0.757812 0.681250 0.756250 0.683333 0.756250 0.687500 0.760938 0.681250 0.762500 0.683333 0.762500 0.685417 0.764062 0.687500 0.764062 0.689583 0.765625 0.691667 0.765625 0.693750 0.776563 0.693750 0.776563 0.670833 0.773438 0.670833 0.771875 0.668750 0.754687 0.668750 0.753125 0.666667 0.746875 0.666667
8 0.393750 0.600000 0.389062 0.675000 0.406250 0.681250 0.417187 0.641667 0.440625 0.675000 0.432812 0.797917 0.445312 0.808333 0.443750 0.754167 0.457813 0.687500 0.471875 0.700000 0.479687 0.700000 0.481250 0.708333 0.498437 0.720833 0.500000 0.697917 0.515625 0.691667 0.529687 0.729167 0.521875 0.812500 0.550000 0.833333 0.639062 0.795833 0.646875 0.797917 0.679688 0.831250 0.678125 0.804167 0.707812 0.789583 0.692187 0.710417 0.667188 0.681250 0.650000 0.593750 0.568750 0.579167 0.400000 0.610417 0.393750 0.608333 0.393750 0.600000
10 0.462500 0.545833 0.462500 0.566667 0.468750 0.566667 0.470313 0.568750 0.470313 0.554167 0.468750 0.552083 0.468750 0.543750 0.467187 0.545833 0.462500 0.545833
10 0.087500 0.622917 0.087500 0.625000 0.085938 0.627083 0.085938 0.629167 0.092188 0.629167 0.092188 0.625000 0.090625 0.622917 0.087500 0.622917
10 0.357812 0.620833 0.356250 0.622917 0.356250 0.629167 0.354687 0.631250 0.354687 0.639583 0.370312 0.639583 0.370312 0.629167 0.371875 0.627083 0.371875 0.618750 0.360938 0.618750 0.359375 0.620833 0.357812 0.620833
10 0.043750 0.631250 0.043750 0.643750 0.050000 0.643750 0.050000 0.633333 0.048438 0.633333 0.046875 0.631250 0.043750 0.631250
10 0.053125 0.577083 0.050000 0.577083 0.050000 0.583333 0.048438 0.585417 0.046875 0.585417 0.046875 0.587500 0.050000 0.591667 0.050000 0.595833 0.048438 0.597917 0.051562 0.597917 0.051562 0.585417 0.053125 0.583333 0.053125 0.577083
10 0.140625 0.375000 0.140625 0.377083 0.142187 0.379167 0.142187 0.381250 0.143750 0.383333 0.143750 0.385417 0.145313 0.387500 0.145313 0.389583 0.146875 0.391667 0.146875 0.395833 0.148438 0.397917 0.148438 0.400000 0.150000 0.397917 0.162500 0.397917 0.162500 0.379167 0.160938 0.377083 0.160938 0.375000 0.159375 0.375000 0.157812 0.372917 0.154688 0.372917 0.153125 0.370833 0.148438 0.370833 0.146875 0.372917 0.143750 0.372917 0.142187 0.375000 0.140625 0.375000
10 0.168750 0.410417 0.165625 0.410417 0.164062 0.412500 0.153125 0.412500 0.151562 0.414583 0.146875 0.414583 0.146875 0.420833 0.145313 0.422917 0.145313 0.429167 0.143750 0.431250 0.143750 0.439583 0.142187 0.441667 0.142187 0.450000 0.140625 0.452083 0.140625 0.464583 0.150000 0.477083 0.167187 0.477083 0.167187 0.472917 0.168750 0.470833 0.168750 0.464583 0.170313 0.462500 0.170313 0.456250 0.171875 0.454167 0.171875 0.445833 0.173437 0.443750 0.173437 0.437500 0.175000 0.435417 0.175000 0.433333 0.173437 0.431250 0.173437 0.427083 0.171875 0.425000 0.171875 0.420833 0.170313 0.418750 0.170313 0.416667 0.168750 0.414583 0.168750 0.410417
10 0.471875 0.543750 0.471875 0.552083 0.475000 0.556250 0.475000 0.566667 0.473438 0.568750 0.473438 0.570833 0.479687 0.570833 0.481250 0.568750 0.481250 0.545833 0.479687 0.543750 0.471875 0.543750
10 0.078125 0.416667 0.079687 0.418750 0.079687 0.425000 0.081250 0.427083 0.081250 0.431250 0.082812 0.433333 0.082812 0.439583 0.084375 0.441667 0.084375 0.443750 0.087500 0.447917 0.089063 0.447917 0.090625 0.450000 0.093750 0.450000 0.095312 0.452083 0.100000 0.452083 0.101562 0.454167 0.100000 0.456250 0.098437 0.456250 0.100000 0.458333 0.101562 0.458333 0.103125 0.460417 0.104688 0.460417 0.106250 0.462500 0.107813 0.462500 0.109375 0.460417 0.110937 0.460417 0.114062 0.456250 0.114062 0.452083 0.115625 0.450000 0.115625 0.443750 0.112500 0.439583 0.110937 0.439583 0.104688 0.431250 0.103125 0.431250 0.101562 0.429167 0.100000 0.429167 0.098437 0.427083 0.096875 0.427083 0.093750 0.422917 0.092188 0.422917 0.090625 0.420833 0.089063 0.420833 0.085938 0.416667 0.084375 0.416667 0.082812 0.414583 0.081250 0.414583 0.079687 0.416667 0.078125 0.416667
27 0.278125 0.756250 0.279687 0.758333 0.282813 0.758333 0.284375 0.760417 0.287500 0.760417 0.289062 0.762500 0.293750 0.762500 0.296875 0.766667 0.296875 0.768750 0.303125 0.783333 0.303125 0.802083 0.304688 0.804167 0.304688 0.812500 0.300000 0.820833 0.300000 0.822917 0.296875 0.827083 0.296875 0.829167 0.295312 0.831250 0.289062 0.825000 0.281250 0.820833 0.284375 0.825000 0.285938 0.831250 0.289062 0.835417 0.290625 0.841667 0.293750 0.845833 0.293750 0.847917 0.298438 0.856250 0.298438 0.858333 0.300000 0.860417 0.306250 0.860417 0.307812 0.862500 0.314063 0.862500 0.315625 0.864583 0.321875 0.864583 0.323437 0.866667 0.329688 0.866667 0.331250 0.868750 0.332813 0.868750 0.334375 0.866667 0.337500 0.866667 0.339062 0.864583 0.342187 0.864583 0.345313 0.860417 0.345313 0.858333 0.346875 0.856250 0.346875 0.852083 0.350000 0.845833 0.350000 0.841667 0.353125 0.835417 0.353125 0.831250 0.351562 0.829167 0.351562 0.802083 0.328125 0.770833 0.325000 0.770833 0.323437 0.768750 0.318750 0.768750 0.317188 0.766667 0.314063 0.766667 0.312500 0.764583 0.307812 0.764583 0.306250 0.766667 0.304688 0.766667 0.289062 0.754167 0.287500 0.754167 0.285938 0.756250 0.278125 0.756250
27 0.339062 0.710417 0.335938 0.710417 0.334375 0.712500 0.329688 0.712500 0.329688 0.716667 0.328125 0.718750 0.328125 0.727083 0.326562 0.729167 0.326562 0.743750 0.325000 0.745833 0.326562 0.747917 0.328125 0.747917 0.331250 0.743750 0.331250 0.725000 0.332813 0.722917 0.332813 0.720833 0.335938 0.716667 0.335938 0.714583 0.339062 0.710417
31 0.739062 0.712500 0.739062 0.714583 0.740625 0.716667 0.746875 0.716667 0.746875 0.714583 0.745313 0.712500 0.745313 0.710417 0.740625 0.710417 0.739062 0.712500
31 0.481250 0.750000 0.479687 0.752083 0.479687 0.766667 0.482812 0.770833 0.484375 0.770833 0.489063 0.777083 0.492188 0.777083 0.493750 0.775000 0.493750 0.772917 0.495312 0.770833 0.495312 0.768750 0.496875 0.766667 0.496875 0.758333 0.495312 0.756250 0.493750 0.756250 0.492188 0.754167 0.490625 0.754167 0.489063 0.752083 0.485938 0.752083 0.484375 0.750000 0.481250 0.750000
31 0.151562 0.720833 0.151562 0.722917 0.150000 0.725000 0.148438 0.725000 0.146875 0.727083 0.146875 0.735417 0.145313 0.737500 0.145313 0.739583 0.148438 0.739583 0.150000 0.741667 0.151562 0.741667 0.153125 0.739583 0.153125 0.733333 0.151562 0.731250 0.151562 0.720833
31 0.334375 0.747917 0.331250 0.747917 0.328125 0.752083 0.328125 0.754167 0.326562 0.756250 0.328125 0.758333 0.328125 0.760417 0.329688 0.762500 0.329688 0.764583 0.331250 0.766667 0.331250 0.768750 0.331250 0.762500 0.332813 0.760417 0.332813 0.758333 0.334375 0.756250 0.334375 0.752083 0.335938 0.750000 0.334375 0.747917
