1 0.267857 0.208333 0.245536 0.250000 0.256696 0.300595 0.265625 0.300595 0.274554 0.324405 0.261161 0.342262 0.263393 0.315476 0.250000 0.330357 0.229911 0.395833 0.196429 0.407738 0.200893 0.580357 0.229911 0.613095 0.216518 0.708333 0.209821 0.872024 0.225446 0.913690 0.218750 0.985119 0.412946 0.982143 0.415179 0.925595 0.406250 0.833333 0.377232 0.693452 0.386161 0.654762 0.381696 0.473214 0.370536 0.431548 0.343750 0.404762 0.323661 0.395833 0.332589 0.345238 0.345982 0.309524 0.345982 0.250000 0.334821 0.217262 0.308036 0.205357 0.267857 0.208333
1 0.761161 0.407738 0.727679 0.479167 0.718750 0.532738 0.687500 0.568452 0.687500 0.595238 0.660714 0.645833 0.654018 0.648810 0.656250 0.675595 0.676339 0.690476 0.763393 0.699405 0.745536 0.726190 0.729911 0.779762 0.738839 0.830357 0.774554 0.863095 0.821429 0.866071 0.794643 0.910714 0.792411 0.985119 0.897321 0.985119 0.895089 0.961310 0.926339 0.955357 0.944196 0.937500 0.997768 0.985119 0.997768 0.931548 0.959821 0.880952 0.879464 0.714286 0.908482 0.705357 0.906250 0.696429 0.912946 0.690476 0.921875 0.699405 0.935268 0.696429 0.930804 0.648810 0.895089 0.586310 0.888393 0.583333 0.854911 0.514881 0.823661 0.428571 0.830357 0.425595 0.828125 0.416667 0.796875 0.398810 0.761161 0.407738
1 0.575893 0.577381 0.575893 0.580357 0.578125 0.583333 0.578125 0.589286 0.580357 0.592262 0.580357 0.601190 0.582589 0.604167 0.582589 0.607143 0.584821 0.610119 0.584821 0.613095 0.584821 0.604167 0.582589 0.601190 0.582589 0.586310 0.580357 0.583333 0.580357 0.580357 0.578125 0.580357 0.575893 0.577381 0.486607 0.238095 0.450893 0.267857 0.428571 0.348214 0.397321 0.392857 0.379464 0.440476 0.392857 0.526786 0.408482 0.568452 0.390625 0.648810 0.395089 0.773810 0.408482 0.833333 0.419643 0.925595 0.415179 0.985119 0.618304 0.994048 0.600446 0.827381 0.598214 0.696429 0.591518 0.732143 0.584821 0.693452 0.558036 0.669643 0.524554 0.669643 0.502232 0.681548 0.470982 0.684524 0.448661 0.660714 0.455357 0.604167 0.475446 0.565476 0.506696 0.550595 0.535714 0.550595 0.573661 0.568452 0.580357 0.553571 0.564732 0.520833 0.571429 0.482143 0.564732 0.407738 0.533482 0.366071 0.533482 0.306548 0.515625 0.255952 0.486607 0.238095
31 0.084821 0.767857 0.060268 0.797619 0.060268 0.803571 0.055804 0.812500 0.053571 0.830357 0.049107 0.842262 0.049107 0.857143 0.051339 0.860119 0.051339 0.895833 0.064732 0.928571 0.064732 0.943452 0.066964 0.946429 0.066964 0.958333 0.069196 0.961310 0.071429 0.991071 0.075893 0.994048 0.087054 0.994048 0.087054 0.982143 0.084821 0.979167 0.084821 0.970238 0.082589 0.967262 0.082589 0.958333 0.080357 0.955357 0.080357 0.946429 0.078125 0.943452 0.075893 0.925595 0.078125 0.922619 0.095982 0.922619 0.098214 0.919643 0.102679 0.919643 0.118304 0.907738 0.125000 0.898810 0.127232 0.901786 0.127232 0.979167 0.125000 0.982143 0.125000 0.997024 0.142857 0.997024 0.145089 0.991071 0.145089 0.943452 0.133929 0.913690 0.133929 0.815476 0.131696 0.812500 0.127232 0.779762 0.113839 0.767857 0.084821 0.767857
31 0.767857 0.702381 0.767857 0.723214 0.770089 0.726190 0.770089 0.732143 0.774554 0.732143 0.776786 0.729167 0.781250 0.729167 0.783482 0.726190 0.787946 0.726190 0.790179 0.723214 0.794643 0.723214 0.796875 0.720238 0.799107 0.723214 0.828125 0.723214 0.830357 0.726190 0.857143 0.726190 0.859375 0.729167 0.866071 0.729167 0.866071 0.705357 0.852679 0.705357 0.850446 0.708333 0.848214 0.708333 0.843750 0.714286 0.841518 0.714286 0.839286 0.717262 0.837054 0.717262 0.832589 0.723214 0.830357 0.720238 0.803571 0.720238 0.801339 0.717262 0.785714 0.717262 0.781250 0.711310 0.779018 0.711310 0.776786 0.708333 0.774554 0.708333 0.770089 0.702381 0.767857 0.702381
31 0.475446 0.568452 0.475446 0.571429 0.464286 0.589286 0.464286 0.592262 0.457589 0.604167 0.457589 0.610119 0.455357 0.613095 0.455357 0.627976 0.453125 0.630952 0.453125 0.645833 0.450893 0.648810 0.450893 0.660714 0.470982 0.681548 0.475446 0.681548 0.477679 0.678571 0.502232 0.678571 0.504464 0.675595 0.508929 0.675595 0.511161 0.672619 0.515625 0.672619 0.524554 0.666667 0.558036 0.666667 0.562500 0.672619 0.580357 0.684524 0.587054 0.693452 0.589286 0.699405 0.589286 0.714286 0.591518 0.717262 0.591518 0.729167 0.593750 0.726190 0.593750 0.702381 0.595982 0.699405 0.595982 0.687500 0.600446 0.681548 0.602679 0.675595 0.602679 0.669643 0.589286 0.633929 0.589286 0.627976 0.578125 0.601190 0.578125 0.592262 0.575893 0.589286 0.575893 0.583333 0.573661 0.580357 0.573661 0.571429 0.571429 0.565476 0.566964 0.565476 0.564732 0.562500 0.555804 0.562500 0.553571 0.559524 0.546875 0.559524 0.544643 0.556548 0.537946 0.556548 0.535714 0.553571 0.506696 0.553571 0.504464 0.556548 0.500000 0.556548 0.497768 0.559524 0.493304 0.559524 0.491071 0.562500 0.486607 0.562500 0.484375 0.565476 0.479911 0.565476 0.475446 0.568452
62 0.002232 0.422619 0.002232 0.997024 0.122768 0.997024 0.125000 0.901786 0.102679 0.922619 0.078125 0.925595 0.089286 0.994048 0.075893 0.997024 0.069196 0.991071 0.062500 0.928571 0.049107 0.895833 0.046875 0.842262 0.058036 0.797619 0.084821 0.764881 0.113839 0.764881 0.129464 0.779762 0.136161 0.815476 0.136161 0.913690 0.147321 0.943452 0.145089 0.997024 0.183036 0.997024 0.154018 0.842262 0.151786 0.788690 0.158482 0.773810 0.118304 0.747024 0.109375 0.702381 0.084821 0.645833 0.069196 0.476190 0.071429 0.422619 0.002232 0.422619
62 0.912946 0.693452 0.910714 0.696429 0.908482 0.696429 0.908482 0.699405 0.915179 0.714286 0.915179 0.720238 0.917411 0.723214 0.919643 0.732143 0.926339 0.741071 0.928571 0.741071 0.933036 0.747024 0.935268 0.747024 0.941964 0.755952 0.944196 0.755952 0.950893 0.764881 0.953125 0.764881 0.955357 0.767857 0.955357 0.842262 0.953125 0.845238 0.953125 0.857143 0.955357 0.860119 0.955357 0.863095 0.957589 0.866071 0.962054 0.880952 0.982143 0.907738 0.984375 0.907738 0.991071 0.916667 0.991071 0.910714 0.988839 0.907738 0.988839 0.892857 0.986607 0.889881 0.986607 0.883929 0.984375 0.880952 0.984375 0.875000 0.982143 0.872024 0.982143 0.866071 0.979911 0.863095 0.979911 0.857143 0.977679 0.854167 0.977679 0.848214 0.975446 0.845238 0.975446 0.770833 0.986607 0.755952 0.966518 0.741071 0.962054 0.741071 0.959821 0.738095 0.957589 0.738095 0.955357 0.735119 0.944196 0.729167 0.924107 0.702381 0.921875 0.702381 0.915179 0.693452 0.912946 0.693452 0.654018 0.687500 0.654018 0.705357 0.656250 0.708333 0.656250 0.726190 0.658482 0.729167 0.658482 0.758929 0.656250 0.761905 0.656250 0.773810 0.654018 0.776786 0.654018 0.788690 0.651786 0.791667 0.651786 0.803571 0.649554 0.806548 0.649554 0.818452 0.642857 0.851190 0.642857 0.866071 0.645089 0.869048 0.645089 0.994048 0.647321 0.991071 0.658482 0.991071 0.674107 0.967262 0.696429 0.970238 0.698661 0.973214 0.714286 0.973214 0.716518 0.976190 0.732143 0.976190 0.734375 0.979167 0.770089 0.982143 0.772321 0.985119 0.779018 0.982143 0.790179 0.967262 0.792411 0.904762 0.819196 0.866071 0.772321 0.866071 0.736607 0.830357 0.732143 0.809524 0.732143 0.797619 0.729911 0.794643 0.729911 0.782738 0.727679 0.779762 0.738839 0.752976 0.734375 0.741071 0.738839 0.726190 0.738839 0.699405 0.691964 0.699405 0.665179 0.687500 0.654018 0.687500 0.707589 0.642857 0.707589 0.645833 0.709821 0.645833 0.712054 0.648810 0.720982 0.648810 0.723214 0.651786 0.732143 0.651786 0.732143 0.648810 0.729911 0.645833 0.729911 0.642857 0.727679 0.639881 0.727679 0.636905 0.725446 0.633929 0.725446 0.630952 0.723214 0.627976 0.723214 0.622024 0.718750 0.627976 0.716518 0.627976 0.714286 0.630952 0.714286 0.633929 0.707589 0.642857 0.825893 0.428571 0.828125 0.431548 0.828125 0.434524 0.830357 0.437500 0.830357 0.440476 0.832589 0.443452 0.832589 0.446429 0.834821 0.449405 0.834821 0.452381 0.837054 0.455357 0.837054 0.458333 0.839286 0.461310 0.839286 0.464286 0.841518 0.467262 0.841518 0.470238 0.843750 0.473214 0.843750 0.476190 0.845982 0.479167 0.845982 0.482143 0.848214 0.485119 0.848214 0.488095 0.850446 0.491071 0.850446 0.494048 0.854911 0.500000 0.854911 0.502976 0.857143 0.505952 0.857143 0.508929 0.861607 0.514881 0.861607 0.517857 0.863839 0.520833 0.863839 0.523810 0.868304 0.529762 0.868304 0.532738 0.870536 0.535714 0.870536 0.538690 0.875000 0.544643 0.875000 0.547619 0.877232 0.550595 0.877232 0.553571 0.881696 0.559524 0.881696 0.562500 0.883929 0.565476 0.883929 0.568452 0.888393 0.574405 0.888393 0.577381 0.892857 0.586310 0.892857 0.565476 0.895089 0.562500 0.895089 0.511905 0.897321 0.508929 0.897321 0.458333 0.899554 0.455357 0.899554 0.431548 0.832589 0.431548 0.830357 0.428571 0.825893 0.428571 0.750000 0.425595 0.718750 0.425595 0.716518 0.422619 0.660714 0.422619 0.654018 0.413690 0.654018 0.532738 0.656250 0.535714 0.656250 0.648810 0.662946 0.636905 0.665179 0.627976 0.674107 0.613095 0.674107 0.610119 0.680804 0.601190 0.680804 0.598214 0.685268 0.589286 0.685268 0.565476 0.716518 0.532738 0.716518 0.523810 0.718750 0.520833 0.718750 0.511905 0.720982 0.508929 0.720982 0.494048 0.723214 0.491071 0.723214 0.482143 0.727679 0.476190 0.727679 0.473214 0.734375 0.461310 0.738839 0.446429 0.743304 0.440476 0.745536 0.431548 0.750000 0.425595
77 0.486607 0.363095 0.486607 0.369048 0.488839 0.372024 0.488839 0.377976 0.488839 0.363095 0.486607 0.363095 0.479911 0.354167 0.477679 0.354167 0.477679 0.372024 0.479911 0.369048 0.479911 0.354167 0.464286 0.318452 0.462054 0.321429 0.462054 0.330357 0.464286 0.333333 0.464286 0.348214 0.464286 0.342262 0.466518 0.339286 0.466518 0.333333 0.468750 0.330357 0.466518 0.327381 0.466518 0.324405 0.464286 0.321429 0.464286 0.318452
77 0.272321 0.336310 0.272321 0.339286 0.270089 0.342262 0.270089 0.345238 0.265625 0.351190 0.270089 0.345238 0.272321 0.345238 0.274554 0.342262 0.276786 0.345238 0.276786 0.351190 0.272321 0.357143 0.272321 0.360119 0.267857 0.366071 0.267857 0.372024 0.272321 0.372024 0.274554 0.375000 0.279018 0.375000 0.281250 0.372024 0.281250 0.357143 0.283482 0.354167 0.279018 0.348214 0.279018 0.345238 0.272321 0.336310 0.227679 0.276786 0.229911 0.279762 0.229911 0.282738 0.232143 0.285714 0.232143 0.288690 0.236607 0.294643 0.236607 0.297619 0.238839 0.300595 0.238839 0.303571 0.243304 0.309524 0.243304 0.312500 0.252232 0.324405 0.254464 0.324405 0.254464 0.321429 0.261161 0.312500 0.263393 0.312500 0.265625 0.315476 0.265625 0.321429 0.263393 0.324405 0.263393 0.330357 0.261161 0.333333 0.261161 0.339286 0.258929 0.342262 0.272321 0.324405 0.267857 0.318452 0.267857 0.306548 0.265625 0.303571 0.250000 0.303571 0.245536 0.309524 0.241071 0.303571 0.241071 0.300595 0.236607 0.294643 0.236607 0.291667 0.229911 0.282738 0.229911 0.279762 0.227679 0.276786
77 0.810268 0.669643 0.808036 0.672619 0.808036 0.681548 0.810268 0.684524 0.810268 0.690476 0.812500 0.693452 0.812500 0.696429 0.816964 0.702381 0.821429 0.696429 0.821429 0.687500 0.819196 0.684524 0.819196 0.681548 0.816964 0.678571 0.816964 0.675595 0.812500 0.669643 0.810268 0.669643
