60 0.089063 0.279167 0.079687 0.322917 0.079687 0.339583 0.081250 0.341667 0.081250 0.354167 0.096875 0.377083 0.146875 0.337500 0.160938 0.335417 0.168750 0.331250 0.185938 0.333333 0.234375 0.354167 0.260937 0.387500 0.271875 0.377083 0.273438 0.347917 0.264062 0.329167 0.271875 0.316667 0.271875 0.312500 0.265625 0.297917 0.254688 0.260417 0.210938 0.222917 0.185938 0.218750 0.167187 0.212500 0.157812 0.214583 0.126562 0.233333 0.100000 0.256250 0.089063 0.279167
60 0.765625 0.670833 0.746875 0.718750 0.753125 0.729167 0.759375 0.754167 0.764062 0.789583 0.760938 0.866667 0.796875 0.941667 0.873437 0.945833 0.909375 0.931250 0.945312 0.839583 0.953125 0.754167 0.940625 0.706250 0.917188 0.668750 0.882812 0.650000 0.871875 0.647917 0.795312 0.650000 0.765625 0.670833
60 0.096875 0.381250 0.092188 0.402083 0.093750 0.439583 0.101562 0.466667 0.110937 0.481250 0.121875 0.475000 0.140625 0.472917 0.151562 0.468750 0.171875 0.477083 0.190625 0.481250 0.198437 0.487500 0.201563 0.487500 0.234375 0.529167 0.256250 0.520833 0.273438 0.497917 0.273438 0.491667 0.279687 0.466667 0.275000 0.420833 0.251563 0.377083 0.234375 0.358333 0.231250 0.358333 0.207813 0.343750 0.203125 0.343750 0.179688 0.333333 0.168750 0.333333 0.160938 0.337500 0.146875 0.339583 0.107813 0.368750 0.096875 0.381250
60 0.750000 0.439583 0.751563 0.450000 0.751563 0.564583 0.796875 0.620833 0.820312 0.643750 0.864062 0.637500 0.889062 0.650000 0.912500 0.622917 0.929688 0.581250 0.937500 0.527083 0.934375 0.508333 0.932813 0.475000 0.907813 0.431250 0.889062 0.410417 0.876563 0.418750 0.835938 0.429167 0.792188 0.422917 0.782813 0.410417 0.750000 0.439583
60 0.503125 0.579167 0.485938 0.572917 0.476562 0.575000 0.451562 0.570833 0.406250 0.570833 0.375000 0.610417 0.345313 0.612500 0.303125 0.666667 0.295312 0.681250 0.295312 0.722917 0.298438 0.743750 0.300000 0.781250 0.368750 0.750000 0.389062 0.750000 0.390625 0.747917 0.410938 0.747917 0.435937 0.743750 0.478125 0.754167 0.512500 0.735417 0.515625 0.731250 0.525000 0.675000 0.503125 0.579167
60 0.057813 0.764583 0.057813 0.777083 0.060937 0.785417 0.081250 0.810417 0.078125 0.818750 0.064062 0.820833 0.059375 0.825000 0.057813 0.858333 0.093750 0.897917 0.104688 0.906250 0.139063 0.914583 0.151562 0.914583 0.154688 0.908333 0.167187 0.900000 0.179688 0.900000 0.184375 0.910417 0.193750 0.916667 0.212500 0.918750 0.243750 0.900000 0.246875 0.889583 0.262500 0.887500 0.267188 0.883333 0.262500 0.866667 0.262500 0.858333 0.265625 0.852083 0.265625 0.827083 0.295312 0.772917 0.296875 0.745833 0.284375 0.729167 0.271875 0.725000 0.256250 0.710417 0.256250 0.675000 0.165625 0.670833 0.156250 0.677083 0.148438 0.687500 0.137500 0.689583 0.106250 0.708333 0.090625 0.722917 0.078125 0.739583 0.076563 0.752083 0.062500 0.758333 0.057813 0.764583
60 0.492188 0.368750 0.475000 0.333333 0.445312 0.306250 0.389062 0.295833 0.342187 0.316667 0.312500 0.345833 0.300000 0.375000 0.293750 0.404167 0.284375 0.433333 0.282813 0.466667 0.279687 0.481250 0.279687 0.493750 0.284375 0.514583 0.293750 0.493750 0.332813 0.460417 0.398438 0.439583 0.439063 0.452083 0.475000 0.479167 0.481250 0.470833 0.490625 0.450000 0.493750 0.437500 0.496875 0.406250 0.492188 0.368750
60 0.581250 0.316667 0.523438 0.316667 0.484375 0.337500 0.487500 0.358333 0.495312 0.375000 0.498437 0.406250 0.496875 0.439583 0.531250 0.708333 0.614062 0.685417 0.615625 0.593750 0.610938 0.331250 0.581250 0.316667
60 0.485938 0.487500 0.439063 0.454167 0.401562 0.441667 0.332813 0.462500 0.292187 0.497917 0.264062 0.572917 0.265625 0.612500 0.298438 0.664583 0.343750 0.610417 0.375000 0.608333 0.407813 0.566667 0.481250 0.572917 0.492188 0.547917 0.485938 0.487500
60 0.515625 0.739583 0.509375 0.783333 0.512500 0.793750 0.520312 0.802083 0.521875 0.847917 0.509375 0.883333 0.503125 0.889583 0.548438 0.925000 0.629687 0.937500 0.675000 0.947917 0.718750 0.929167 0.742188 0.897917 0.759375 0.862500 0.762500 0.789583 0.757812 0.754167 0.750000 0.729167 0.720313 0.706250 0.685937 0.693750 0.595313 0.691667 0.571875 0.700000 0.515625 0.739583
60 0.753125 0.237500 0.739062 0.270833 0.739062 0.279167 0.737500 0.281250 0.739062 0.314583 0.740625 0.316667 0.743750 0.341667 0.771875 0.404167 0.817187 0.420833 0.842187 0.422917 0.901563 0.393750 0.918750 0.362500 0.926562 0.335417 0.926562 0.318750 0.925000 0.316667 0.923438 0.295833 0.912500 0.272917 0.893750 0.245833 0.882812 0.243750 0.859375 0.227083 0.829688 0.218750 0.818750 0.212500 0.789062 0.214583 0.770312 0.222917 0.753125 0.237500
60 0.518750 0.802083 0.509375 0.791667 0.425000 0.756250 0.398438 0.756250 0.387500 0.762500 0.329688 0.783333 0.281250 0.812500 0.275000 0.820833 0.264062 0.858333 0.264062 0.866667 0.281250 0.916667 0.303125 0.939583 0.342187 0.943750 0.387500 0.931250 0.475000 0.912500 0.507812 0.883333 0.520312 0.847917 0.518750 0.802083
60 0.235937 0.533333 0.195312 0.485417 0.179688 0.481250 0.178125 0.479167 0.171875 0.479167 0.151562 0.470833 0.150000 0.472917 0.142187 0.472917 0.140625 0.475000 0.134375 0.475000 0.125000 0.479167 0.117188 0.479167 0.073438 0.522917 0.065625 0.535417 0.059375 0.552083 0.060937 0.600000 0.075000 0.631250 0.081250 0.625000 0.079687 0.622917 0.079687 0.602083 0.084375 0.595833 0.093750 0.587500 0.101562 0.589583 0.131250 0.568750 0.145313 0.568750 0.146875 0.566667 0.160938 0.566667 0.162500 0.564583 0.176563 0.564583 0.178125 0.562500 0.196875 0.562500 0.198437 0.564583 0.221875 0.570833 0.228125 0.575000 0.239063 0.577083 0.242188 0.579167 0.245312 0.585417 0.245312 0.572917 0.237500 0.556250 0.235937 0.533333
60 0.064062 0.629167 0.065625 0.643750 0.060937 0.656250 0.060937 0.679167 0.064062 0.691667 0.078125 0.712500 0.089063 0.718750 0.093750 0.718750 0.106250 0.706250 0.140625 0.687500 0.146875 0.679167 0.153125 0.679167 0.165625 0.668750 0.209375 0.668750 0.221875 0.672917 0.232813 0.670833 0.256250 0.672917 0.259375 0.677083 0.259375 0.710417 0.268750 0.720833 0.281250 0.725000 0.287500 0.731250 0.293750 0.725000 0.293750 0.681250 0.301563 0.666667 0.298438 0.666667 0.268750 0.622917 0.234375 0.589583 0.209375 0.575000 0.160938 0.572917 0.159375 0.575000 0.125000 0.577083 0.100000 0.593750 0.082812 0.612500 0.082812 0.627083 0.079687 0.631250 0.075000 0.633333 0.070312 0.622917 0.064062 0.629167 0.685937 0.235417 0.676562 0.235417 0.671875 0.241667 0.671875 0.291667 0.670312 0.293750 0.671875 0.295833 0.671875 0.304167 0.670312 0.306250 0.671875 0.310417 0.670312 0.316667 0.670312 0.350000 0.671875 0.352083 0.670312 0.354167 0.670312 0.362500 0.671875 0.364583 0.670312 0.366667 0.670312 0.402083 0.671875 0.404167 0.670312 0.406250 0.670312 0.429167 0.671875 0.431250 0.670312 0.433333 0.670312 0.441667 0.671875 0.443750 0.670312 0.445833 0.668750 0.466667 0.665625 0.472917 0.665625 0.487500 0.664062 0.489583 0.664062 0.500000 0.662500 0.502083 0.662500 0.527083 0.664062 0.531250 0.670312 0.535417 0.676562 0.533333 0.681250 0.525000 0.679688 0.512500 0.681250 0.510417 0.682813 0.483333 0.685937 0.475000 0.687500 0.454167 0.689063 0.452083 0.687500 0.445833 0.689063 0.439583 0.687500 0.433333 0.689063 0.427083 0.687500 0.420833 0.687500 0.414583 0.689063 0.412500 0.687500 0.406250 0.689063 0.400000 0.687500 0.393750 0.687500 0.387500 0.689063 0.385417 0.687500 0.379167 0.689063 0.372917 0.687500 0.366667 0.689063 0.360417 0.687500 0.354167 0.689063 0.347917 0.687500 0.341667 0.687500 0.335417 0.689063 0.333333 0.687500 0.327083 0.689063 0.325000 0.689063 0.316667 0.687500 0.314583 0.689063 0.312500 0.689063 0.270833 0.690625 0.268750 0.689063 0.266667 0.689063 0.258333 0.690625 0.256250 0.689063 0.250000 0.690625 0.243750 0.685937 0.235417 0.500000 0.275000 0.495312 0.235417 0.481250 0.202083 0.440625 0.141667 0.403125 0.112500 0.364063 0.116667 0.340625 0.100000 0.310937 0.102083 0.293750 0.120833 0.289062 0.133333 0.287500 0.175000 0.281250 0.183333 0.248438 0.143750 0.210938 0.118750 0.184375 0.118750 0.170313 0.129167 0.150000 0.131250 0.117188 0.143750 0.100000 0.162500 0.093750 0.181250 0.096875 0.216667 0.114062 0.239583 0.167187 0.210417 0.210938 0.220833 0.251563 0.254167 0.275000 0.316667 0.267188 0.329167 0.276562 0.352083 0.275000 0.377083 0.292187 0.395833 0.310937 0.345833 0.345313 0.312500 0.389062 0.293750 0.445312 0.304167 0.468750 0.325000 0.489063 0.306250 0.500000 0.275000
