1 0.584375 0.171362 0.576562 0.171362 0.567187 0.176056 0.568750 0.180751 0.560937 0.201878 0.560937 0.215962 0.565625 0.234742 0.554688 0.248826 0.543750 0.291080 0.543750 0.302817 0.540625 0.316901 0.540625 0.361502 0.545312 0.377934 0.545312 0.401408 0.553125 0.420188 0.562500 0.500000 0.564063 0.582160 0.570312 0.582160 0.568750 0.579812 0.570312 0.532864 0.573438 0.525822 0.581250 0.521127 0.579688 0.507042 0.585938 0.476526 0.587500 0.438967 0.578125 0.436620 0.565625 0.427230 0.560937 0.415493 0.570312 0.406103 0.589063 0.394366 0.614062 0.394366 0.617188 0.387324 0.596875 0.377934 0.589063 0.347418 0.582812 0.272300 0.584375 0.171362
1 0.764062 0.056338 0.687500 0.086854 0.682813 0.164319 0.659375 0.206573 0.700000 0.215962 0.698438 0.227700 0.734375 0.293427 0.695312 0.389671 0.601562 0.450704 0.595313 0.502347 0.606250 0.516432 0.639062 0.481221 0.706250 0.478873 0.690625 0.549296 0.645312 0.586854 0.634375 0.631455 0.642188 0.647887 0.670312 0.645540 0.681250 0.624413 0.706250 0.607981 0.728125 0.664319 0.734375 0.699531 0.693750 0.781690 0.704688 0.981221 0.803125 0.981221 0.846875 0.795775 0.831250 0.586854 0.850000 0.532864 0.868750 0.328638 0.801562 0.187793 0.826562 0.133803 0.807813 0.124413 0.790625 0.082160 0.764062 0.056338
1 0.003125 0.119718 0.001563 0.410798 0.043750 0.399061 0.067187 0.443662 0.079687 0.500000 0.065625 0.563380 0.081250 0.626761 0.067187 0.638498 0.101562 0.636150 0.106250 0.657277 0.048438 0.699531 0.037500 0.697183 0.035937 0.680751 0.048438 0.650235 0.060937 0.650235 0.059375 0.638498 0.035937 0.643192 0.001563 0.678404 0.001563 0.896714 0.121875 0.715962 0.139063 0.704225 0.182812 0.704225 0.189062 0.720657 0.182812 0.739437 0.185938 0.823944 0.160938 0.856808 0.120313 0.877934 0.029687 0.997653 0.201563 0.997653 0.182812 0.950704 0.203125 0.840376 0.190625 0.762911 0.198437 0.659624 0.225000 0.610329 0.284375 0.558685 0.284375 0.518779 0.262500 0.500000 0.160938 0.591549 0.140625 0.495305 0.112500 0.441315 0.071875 0.401408 0.090625 0.368545 0.096875 0.333333 0.125000 0.286385 0.121875 0.246479 0.143750 0.241784 0.139063 0.201878 0.120313 0.152582 0.087500 0.126761 0.037500 0.110329 0.003125 0.119718
1 0.253125 0.600939 0.251563 0.603286 0.282813 0.650235 0.282813 0.652582 0.285938 0.657277 0.285938 0.652582 0.287500 0.650235 0.287500 0.638498 0.289062 0.636150 0.289062 0.626761 0.290625 0.624413 0.290625 0.612676 0.292187 0.610329 0.292187 0.605634 0.293750 0.603286 0.293750 0.600939 0.295312 0.598592 0.295312 0.596244 0.296875 0.593897 0.296875 0.591549 0.298438 0.589202 0.295312 0.589202 0.293750 0.591549 0.289062 0.591549 0.287500 0.593897 0.284375 0.593897 0.282813 0.596244 0.278125 0.596244 0.276562 0.598592 0.256250 0.598592 0.254688 0.600939 0.253125 0.600939 0.282813 0.377934 0.282813 0.380282 0.285938 0.387324 0.287500 0.399061 0.290625 0.406103 0.290625 0.410798 0.292187 0.413146 0.292187 0.415493 0.293750 0.417840 0.293750 0.422535 0.295312 0.424883 0.295312 0.438967 0.293750 0.441315 0.293750 0.460094 0.275000 0.497653 0.265625 0.497653 0.267188 0.497653 0.268750 0.500000 0.271875 0.500000 0.273438 0.502347 0.276562 0.502347 0.278125 0.504695 0.281250 0.504695 0.282813 0.507042 0.285938 0.507042 0.287500 0.509390 0.287500 0.563380 0.298438 0.563380 0.300000 0.565728 0.303125 0.565728 0.304688 0.568075 0.306250 0.568075 0.306250 0.565728 0.307812 0.563380 0.318750 0.528169 0.321875 0.523474 0.325000 0.511737 0.320312 0.500000 0.320312 0.495305 0.318750 0.492958 0.318750 0.490610 0.317188 0.488263 0.317188 0.483568 0.312500 0.471831 0.312500 0.467136 0.309375 0.460094 0.309375 0.455399 0.304688 0.443662 0.304688 0.438967 0.301563 0.431925 0.301563 0.427230 0.296875 0.415493 0.296875 0.410798 0.293750 0.403756 0.293750 0.399061 0.292187 0.396714 0.292187 0.394366 0.285938 0.384977 0.285938 0.382629 0.282813 0.377934 0.275000 0.363850 0.271875 0.359155 0.271875 0.356808 0.265625 0.347418 0.264062 0.347418 0.260937 0.352113 0.259375 0.352113 0.257812 0.354460 0.256250 0.354460 0.253125 0.359155 0.251563 0.359155 0.248438 0.363850 0.246875 0.363850 0.245312 0.366197 0.243750 0.366197 0.256250 0.366197 0.257812 0.363850 0.275000 0.363850 0.104688 0.035211 0.100000 0.098592 0.073438 0.096244 0.093750 0.110329 0.096875 0.124413 0.118750 0.147887 0.139063 0.183099 0.150000 0.246479 0.134375 0.248826 0.128125 0.309859 0.081250 0.403756 0.145313 0.478873 0.156250 0.561033 0.162500 0.584507 0.260937 0.500000 0.237500 0.476526 0.228125 0.448357 0.226562 0.382629 0.212500 0.392019 0.160938 0.239437 0.162500 0.230047 0.175000 0.211268 0.187500 0.154930 0.209375 0.136150 0.192188 0.115023 0.176563 0.049296 0.104688 0.035211
1 0.184375 0.711268 0.154688 0.713615 0.148438 0.708920 0.140625 0.708920 0.121875 0.718310 0.001563 0.906103 0.000000 0.983568 0.010937 0.983568 0.012500 0.985915 0.039062 0.985915 0.042188 0.983568 0.121875 0.873239 0.160938 0.854460 0.184375 0.823944 0.182812 0.776995 0.181250 0.774648 0.181250 0.739437 0.182812 0.737089 0.184375 0.711268 0.000000 0.558685 0.000000 0.678404 0.009375 0.666667 0.010937 0.666667 0.014063 0.661972 0.015625 0.661972 0.018750 0.657277 0.020313 0.657277 0.023438 0.652582 0.025000 0.652582 0.029687 0.645540 0.031250 0.645540 0.035937 0.640845 0.042188 0.640845 0.043750 0.638498 0.050000 0.638498 0.051562 0.636150 0.057813 0.636150 0.057813 0.629108 0.056250 0.626761 0.056250 0.622066 0.054688 0.619718 0.054688 0.615023 0.053125 0.612676 0.053125 0.610329 0.054688 0.607981 0.057813 0.612676 0.059375 0.619718 0.062500 0.624413 0.062500 0.626761 0.065625 0.633803 0.067187 0.631455 0.073438 0.631455 0.075000 0.629108 0.078125 0.629108 0.076563 0.626761 0.076563 0.622066 0.075000 0.619718 0.075000 0.615023 0.073438 0.612676 0.073438 0.605634 0.071875 0.603286 0.071875 0.598592 0.070312 0.596244 0.067187 0.584507 0.064062 0.579812 0.062500 0.572770 0.057813 0.563380 0.056250 0.563380 0.053125 0.568075 0.051562 0.568075 0.040625 0.577465 0.032813 0.577465 0.029687 0.572770 0.028125 0.572770 0.017188 0.556338 0.010937 0.556338 0.009375 0.558685 0.000000 0.558685
1 0.373437 0.795775 0.371875 0.798122 0.368750 0.798122 0.367188 0.800469 0.367188 0.814554 0.365625 0.816901 0.365625 0.842723 0.364063 0.845070 0.364063 0.863850 0.362500 0.866197 0.362500 0.908451 0.365625 0.915493 0.365625 0.920188 0.367188 0.922535 0.367188 0.924883 0.368750 0.927230 0.368750 0.929577 0.370312 0.931925 0.370312 0.934272 0.371875 0.936620 0.371875 0.938967 0.373437 0.941315 0.373437 0.943662 0.375000 0.946009 0.378125 0.946009 0.379688 0.943662 0.382812 0.943662 0.384375 0.941315 0.385937 0.941315 0.387500 0.938967 0.389062 0.938967 0.389062 0.936620 0.390625 0.934272 0.390625 0.931925 0.392188 0.929577 0.392188 0.927230 0.393750 0.924883 0.393750 0.922535 0.395313 0.920188 0.395313 0.917840 0.398438 0.910798 0.398438 0.854460 0.396875 0.852113 0.396875 0.840376 0.395313 0.838028 0.395313 0.826291 0.393750 0.823944 0.393750 0.814554 0.392188 0.812207 0.392188 0.809859 0.390625 0.809859 0.389062 0.807512 0.387500 0.807512 0.384375 0.802817 0.382812 0.802817 0.381250 0.800469 0.379688 0.800469 0.376563 0.795775 0.373437 0.795775 0.337500 0.068075 0.298438 0.070423 0.290625 0.079812 0.278125 0.119718 0.279687 0.161972 0.287500 0.194836 0.226562 0.265258 0.210938 0.300469 0.215625 0.389671 0.235937 0.370892 0.248438 0.347418 0.265625 0.345070 0.300000 0.406103 0.326562 0.511737 0.293750 0.605634 0.281250 0.690141 0.285938 0.730047 0.281250 0.795775 0.282813 0.903756 0.296875 0.992958 0.353125 0.981221 0.345313 0.938967 0.329688 0.697183 0.359375 0.661972 0.370312 0.638498 0.407813 0.622066 0.400000 0.563380 0.417187 0.462441 0.412500 0.370892 0.392188 0.330986 0.389062 0.291080 0.373437 0.251174 0.348438 0.234742 0.345313 0.084507 0.337500 0.068075
1 0.190625 0.185446 0.189062 0.187793 0.187500 0.187793 0.178125 0.204225 0.178125 0.208920 0.179688 0.211268 0.179688 0.223005 0.181250 0.225352 0.181250 0.232394 0.182812 0.234742 0.182812 0.244131 0.184375 0.246479 0.184375 0.253521 0.185938 0.255869 0.182812 0.260563 0.182812 0.262911 0.178125 0.269953 0.176563 0.269953 0.176563 0.272300 0.175000 0.274648 0.173437 0.274648 0.178125 0.284038 0.190625 0.323944 0.193750 0.328638 0.193750 0.330986 0.195312 0.333333 0.206250 0.368545 0.209375 0.373239 0.212500 0.384977 0.212500 0.352113 0.210938 0.349765 0.210938 0.326291 0.209375 0.323944 0.209375 0.300469 0.214062 0.291080 0.214062 0.288732 0.218750 0.276995 0.218750 0.274648 0.212500 0.267606 0.220312 0.260563 0.220312 0.248826 0.221875 0.246479 0.221875 0.234742 0.223438 0.232394 0.223438 0.220657 0.225000 0.218310 0.225000 0.204225 0.226562 0.201878 0.220312 0.194836 0.218750 0.194836 0.214062 0.190141 0.206250 0.187793 0.204687 0.185446 0.190625 0.185446
28 0.503125 0.147887 0.498437 0.154930 0.493750 0.157277 0.490625 0.166667 0.434375 0.206573 0.450000 0.206573 0.451562 0.204225 0.478125 0.204225 0.479687 0.201878 0.504687 0.201878 0.507812 0.211268 0.507812 0.241784 0.509375 0.244131 0.510938 0.302817 0.512500 0.305164 0.512500 0.319249 0.515625 0.321596 0.514062 0.316901 0.512500 0.260563 0.510938 0.258216 0.510938 0.201878 0.512500 0.199531 0.520312 0.199531 0.521875 0.197183 0.557813 0.194836 0.559375 0.192488 0.564063 0.192488 0.564063 0.187793 0.567187 0.180751 0.559375 0.176056 0.554688 0.176056 0.529687 0.161972 0.520312 0.159624 0.509375 0.150235 0.503125 0.147887
46 0.393750 0.467136 0.392188 0.467136 0.390625 0.464789 0.384375 0.464789 0.382812 0.462441 0.382812 0.460094 0.381250 0.457746 0.381250 0.455399 0.381250 0.457746 0.378125 0.462441 0.379688 0.464789 0.379688 0.467136 0.373437 0.476526 0.371875 0.476526 0.370312 0.478873 0.370312 0.481221 0.371875 0.481221 0.375000 0.485915 0.379688 0.485915 0.381250 0.483568 0.389062 0.483568 0.392188 0.478873 0.392188 0.474178 0.393750 0.471831 0.393750 0.467136 0.392188 0.352113 0.382812 0.352113 0.381250 0.354460 0.378125 0.354460 0.376563 0.356808 0.373437 0.356808 0.373437 0.359155 0.371875 0.361502 0.371875 0.363850 0.368750 0.368545 0.368750 0.387324 0.367188 0.389671 0.367188 0.394366 0.368750 0.396714 0.368750 0.406103 0.370312 0.408451 0.370312 0.415493 0.376563 0.424883 0.378125 0.424883 0.381250 0.429577 0.381250 0.431925 0.384375 0.431925 0.390625 0.422535 0.392188 0.422535 0.393750 0.420188 0.395313 0.420188 0.403125 0.408451 0.403125 0.401408 0.404687 0.399061 0.404687 0.377934 0.403125 0.375587 0.403125 0.366197 0.401562 0.363850 0.401562 0.361502 0.396875 0.354460 0.393750 0.354460 0.392188 0.352113
46 0.035937 0.692488 0.037500 0.694836 0.046875 0.694836 0.048438 0.697183 0.053125 0.692488 0.056250 0.692488 0.057813 0.690141 0.060937 0.690141 0.062500 0.687793 0.065625 0.687793 0.070312 0.683099 0.073438 0.683099 0.075000 0.680751 0.078125 0.680751 0.082812 0.676056 0.085938 0.676056 0.087500 0.673709 0.090625 0.673709 0.092188 0.671362 0.095312 0.671362 0.096875 0.669014 0.098437 0.669014 0.101562 0.664319 0.101562 0.661972 0.104688 0.657277 0.103125 0.654930 0.103125 0.640845 0.101562 0.638498 0.082812 0.638498 0.081250 0.640845 0.079687 0.640845 0.078125 0.643192 0.075000 0.643192 0.070312 0.647887 0.067187 0.643192 0.067187 0.640845 0.065625 0.638498 0.065625 0.636150 0.062500 0.631455 0.062500 0.629108 0.060937 0.626761 0.060937 0.624413 0.057813 0.619718 0.057813 0.617371 0.054688 0.610329 0.054688 0.612676 0.056250 0.615023 0.056250 0.619718 0.057813 0.622066 0.057813 0.626761 0.059375 0.629108 0.059375 0.636150 0.060937 0.638498 0.060937 0.643192 0.062500 0.645540 0.062500 0.650235 0.060937 0.652582 0.048438 0.652582 0.046875 0.654930 0.046875 0.657277 0.043750 0.661972 0.043750 0.664319 0.042188 0.666667 0.042188 0.669014 0.039062 0.673709 0.039062 0.678404 0.037500 0.680751 0.037500 0.690141 0.035937 0.692488 0.029687 0.399061 0.028125 0.401408 0.020313 0.403756 0.015625 0.408451 0.012500 0.408451 0.010937 0.410798 0.007812 0.410798 0.006250 0.413146 0.003125 0.413146 0.001563 0.415493 0.000000 0.415493 0.000000 0.417840 0.001563 0.420188 0.001563 0.427230 0.003125 0.429577 0.003125 0.455399 0.001563 0.457746 0.001563 0.535211 0.004687 0.539906 0.006250 0.539906 0.015625 0.553991 0.017188 0.553991 0.028125 0.570423 0.029687 0.570423 0.032813 0.575117 0.040625 0.575117 0.042188 0.572770 0.053125 0.565728 0.056250 0.561033 0.060937 0.558685 0.064062 0.553991 0.071875 0.549296 0.071875 0.542254 0.073438 0.539906 0.073438 0.528169 0.075000 0.525822 0.075000 0.516432 0.076563 0.514085 0.076563 0.502347 0.078125 0.500000 0.078125 0.490610 0.076563 0.488263 0.075000 0.476526 0.071875 0.469484 0.071875 0.464789 0.068750 0.457746 0.068750 0.453052 0.067187 0.450704 0.065625 0.443662 0.057813 0.429577 0.057813 0.427230 0.054688 0.422535 0.054688 0.420188 0.050000 0.413146 0.050000 0.410798 0.046875 0.406103 0.046875 0.403756 0.045312 0.403756 0.043750 0.401408 0.032813 0.401408 0.031250 0.399061 0.029687 0.399061
46 0.579688 0.525822 0.578125 0.528169 0.573438 0.530516 0.573438 0.535211 0.571875 0.537559 0.571875 0.544601 0.570312 0.546948 0.570312 0.579812 0.571875 0.582160 0.571875 0.584507 0.579688 0.596244 0.584375 0.598592 0.587500 0.605634 0.587500 0.629108 0.589063 0.631455 0.589063 0.645540 0.584375 0.650235 0.578125 0.650235 0.576562 0.652582 0.576562 0.654930 0.582812 0.664319 0.592187 0.664319 0.593750 0.661972 0.598437 0.661972 0.600000 0.659624 0.603125 0.659624 0.604688 0.657277 0.606250 0.657277 0.606250 0.652582 0.603125 0.652582 0.601562 0.650235 0.593750 0.650235 0.590625 0.645540 0.590625 0.603286 0.592187 0.600939 0.596875 0.598592 0.604688 0.586854 0.604688 0.558685 0.603125 0.556338 0.603125 0.544601 0.601562 0.542254 0.601562 0.532864 0.598437 0.528169 0.598437 0.525822 0.579688 0.525822
46 0.304688 0.570423 0.303125 0.568075 0.300000 0.568075 0.298438 0.565728 0.282813 0.565728 0.281250 0.563380 0.279687 0.563380 0.278125 0.561033 0.276562 0.561033 0.275000 0.563380 0.273438 0.563380 0.270313 0.568075 0.270313 0.570423 0.267188 0.575117 0.267188 0.577465 0.265625 0.579812 0.264062 0.579812 0.257812 0.589202 0.256250 0.589202 0.253125 0.593897 0.256250 0.593897 0.257812 0.596244 0.276562 0.596244 0.278125 0.593897 0.282813 0.593897 0.284375 0.591549 0.287500 0.591549 0.289062 0.589202 0.293750 0.589202 0.295312 0.586854 0.298438 0.586854 0.301563 0.582160 0.301563 0.579812 0.304688 0.575117 0.304688 0.570423 0.240625 0.368545 0.239063 0.370892 0.237500 0.370892 0.235937 0.373239 0.234375 0.373239 0.232813 0.375587 0.228125 0.377934 0.228125 0.394366 0.229687 0.396714 0.229687 0.448357 0.231250 0.450704 0.231250 0.453052 0.232813 0.455399 0.232813 0.457746 0.234375 0.460094 0.234375 0.462441 0.235937 0.464789 0.235937 0.467136 0.237500 0.469484 0.239063 0.476526 0.250000 0.490610 0.251563 0.490610 0.254688 0.495305 0.256250 0.495305 0.257812 0.497653 0.264062 0.497653 0.265625 0.495305 0.275000 0.495305 0.275000 0.492958 0.279687 0.485915 0.279687 0.483568 0.285938 0.474178 0.285938 0.471831 0.290625 0.464789 0.290625 0.462441 0.292187 0.460094 0.292187 0.441315 0.293750 0.438967 0.293750 0.424883 0.292187 0.422535 0.292187 0.417840 0.289062 0.410798 0.289062 0.406103 0.285938 0.399061 0.285938 0.394366 0.284375 0.392019 0.284375 0.387324 0.281250 0.380282 0.281250 0.375587 0.279687 0.373239 0.278125 0.366197 0.257812 0.366197 0.256250 0.368545 0.240625 0.368545
85 0.687500 0.558685 0.684375 0.563380 0.684375 0.565728 0.681250 0.570423 0.681250 0.572770 0.682813 0.575117 0.682813 0.579812 0.685937 0.584507 0.687500 0.584507 0.689063 0.586854 0.695312 0.586854 0.700000 0.579812 0.700000 0.565728 0.695312 0.558685 0.687500 0.558685
