44 0.654687 0.272917 0.653125 0.275000 0.651563 0.275000 0.650000 0.277083 0.650000 0.279167 0.648438 0.281250 0.648438 0.297917 0.650000 0.300000 0.650000 0.306250 0.664062 0.306250 0.664062 0.291667 0.662500 0.289583 0.662500 0.275000 0.660937 0.272917 0.654687 0.272917
44 0.690625 0.583333 0.689063 0.585417 0.689063 0.589583 0.687500 0.591667 0.685937 0.591667 0.685937 0.600000 0.684375 0.602083 0.684375 0.604167 0.682813 0.606250 0.682813 0.608333 0.681250 0.610417 0.681250 0.612500 0.679688 0.614583 0.679688 0.616667 0.678125 0.618750 0.678125 0.645833 0.684375 0.645833 0.685937 0.647917 0.704688 0.647917 0.704688 0.612500 0.700000 0.606250 0.700000 0.602083 0.698438 0.600000 0.698438 0.593750 0.696875 0.593750 0.693750 0.589583 0.693750 0.587500 0.690625 0.583333
44 0.585938 0.283333 0.584375 0.285417 0.584375 0.312500 0.596875 0.312500 0.598437 0.310417 0.598437 0.285417 0.596875 0.283333 0.585938 0.283333
44 0.726562 0.589583 0.726562 0.593750 0.725000 0.595833 0.725000 0.604167 0.723437 0.606250 0.723437 0.614583 0.725000 0.616667 0.725000 0.643750 0.726562 0.645833 0.726562 0.662500 0.735938 0.662500 0.737500 0.660417 0.737500 0.637500 0.735938 0.635417 0.735938 0.606250 0.734375 0.604167 0.734375 0.593750 0.732812 0.591667 0.732812 0.589583 0.726562 0.589583
44 0.628125 0.337500 0.628125 0.341667 0.625000 0.345833 0.625000 0.358333 0.626563 0.360417 0.626563 0.366667 0.629687 0.370833 0.632812 0.370833 0.634375 0.368750 0.637500 0.368750 0.637500 0.345833 0.634375 0.341667 0.634375 0.337500 0.628125 0.337500
44 0.593750 0.395833 0.589063 0.395833 0.589063 0.397917 0.587500 0.400000 0.587500 0.402083 0.585938 0.404167 0.585938 0.433333 0.584375 0.435417 0.584375 0.437500 0.593750 0.437500 0.593750 0.395833
44 0.632812 0.277083 0.632812 0.306250 0.645312 0.306250 0.645312 0.277083 0.632812 0.277083
44 0.601562 0.391667 0.601562 0.408333 0.600000 0.410417 0.600000 0.414583 0.598437 0.416667 0.598437 0.433333 0.600000 0.435417 0.600000 0.437500 0.601562 0.439583 0.607812 0.439583 0.607812 0.412500 0.606250 0.410417 0.606250 0.406250 0.604688 0.404167 0.604688 0.391667 0.601562 0.391667
44 0.575000 0.385417 0.575000 0.391667 0.576562 0.393750 0.576562 0.402083 0.578125 0.404167 0.578125 0.408333 0.576562 0.410417 0.576562 0.420833 0.575000 0.422917 0.575000 0.439583 0.582812 0.439583 0.582812 0.435417 0.584375 0.433333 0.584375 0.406250 0.582812 0.404167 0.582812 0.387500 0.581250 0.387500 0.579688 0.385417 0.575000 0.385417
44 0.612500 0.383333 0.612500 0.400000 0.610938 0.402083 0.610938 0.404167 0.609375 0.406250 0.609375 0.429167 0.610938 0.431250 0.610938 0.437500 0.618750 0.437500 0.618750 0.435417 0.617188 0.433333 0.614062 0.433333 0.612500 0.431250 0.612500 0.429167 0.615625 0.425000 0.617188 0.425000 0.618750 0.422917 0.620313 0.422917 0.620313 0.412500 0.618750 0.410417 0.618750 0.404167 0.615625 0.400000 0.615625 0.383333 0.612500 0.383333
46 0.201563 0.397917 0.200000 0.397917 0.198437 0.400000 0.195312 0.400000 0.193750 0.402083 0.192188 0.402083 0.192188 0.404167 0.189062 0.408333 0.189062 0.427083 0.185938 0.431250 0.189062 0.435417 0.189062 0.437500 0.190625 0.439583 0.190625 0.470833 0.192188 0.472917 0.192188 0.475000 0.201563 0.475000 0.196875 0.468750 0.195312 0.468750 0.193750 0.466667 0.193750 0.454167 0.192188 0.452083 0.193750 0.450000 0.193750 0.445833 0.195312 0.443750 0.195312 0.441667 0.196875 0.439583 0.200000 0.439583 0.201563 0.437500 0.203125 0.437500 0.204687 0.435417 0.206250 0.435417 0.206250 0.433333 0.207813 0.431250 0.207813 0.429167 0.209375 0.427083 0.209375 0.418750 0.207813 0.416667 0.207813 0.404167 0.206250 0.402083 0.204687 0.402083 0.201563 0.397917
46 0.118750 0.406250 0.120313 0.408333 0.120313 0.412500 0.121875 0.414583 0.121875 0.422917 0.123438 0.425000 0.123438 0.429167 0.121875 0.431250 0.121875 0.433333 0.120313 0.435417 0.126562 0.443750 0.126562 0.458333 0.128125 0.460417 0.128125 0.477083 0.123438 0.483333 0.120313 0.483333 0.120313 0.485417 0.121875 0.485417 0.123438 0.487500 0.132812 0.487500 0.132812 0.481250 0.134375 0.479167 0.132812 0.479167 0.131250 0.477083 0.131250 0.468750 0.129688 0.466667 0.129688 0.454167 0.128125 0.452083 0.128125 0.445833 0.131250 0.441667 0.131250 0.437500 0.129688 0.435417 0.129688 0.431250 0.128125 0.429167 0.128125 0.425000 0.126562 0.422917 0.126562 0.418750 0.125000 0.416667 0.126562 0.414583 0.126562 0.406250 0.118750 0.406250
46 0.221875 0.400000 0.220312 0.402083 0.221875 0.404167 0.221875 0.410417 0.223438 0.412500 0.223438 0.414583 0.225000 0.416667 0.225000 0.427083 0.226562 0.429167 0.226562 0.435417 0.228125 0.437500 0.228125 0.447917 0.229687 0.450000 0.229687 0.464583 0.226562 0.468750 0.225000 0.468750 0.226562 0.470833 0.243750 0.470833 0.242188 0.468750 0.239063 0.468750 0.237500 0.466667 0.234375 0.466667 0.232813 0.464583 0.232813 0.439583 0.240625 0.429167 0.240625 0.427083 0.242188 0.425000 0.242188 0.420833 0.240625 0.418750 0.240625 0.406250 0.239063 0.404167 0.239063 0.402083 0.237500 0.400000 0.237500 0.397917 0.226562 0.397917 0.225000 0.400000 0.221875 0.400000
46 0.150000 0.406250 0.148438 0.408333 0.128125 0.408333 0.128125 0.422917 0.129688 0.425000 0.129688 0.429167 0.131250 0.431250 0.131250 0.435417 0.132812 0.437500 0.132812 0.439583 0.135937 0.443750 0.135937 0.452083 0.137500 0.454167 0.137500 0.468750 0.139063 0.470833 0.139063 0.475000 0.137500 0.477083 0.137500 0.479167 0.135937 0.481250 0.134375 0.481250 0.134375 0.487500 0.146875 0.487500 0.146875 0.483333 0.142187 0.477083 0.142187 0.470833 0.140625 0.468750 0.140625 0.450000 0.139063 0.447917 0.140625 0.445833 0.140625 0.443750 0.145313 0.437500 0.145313 0.435417 0.148438 0.431250 0.148438 0.420833 0.150000 0.418750 0.150000 0.406250
46 0.164062 0.408333 0.162500 0.408333 0.160938 0.410417 0.153125 0.410417 0.151562 0.412500 0.151562 0.418750 0.150000 0.420833 0.150000 0.433333 0.151562 0.435417 0.151562 0.443750 0.153125 0.445833 0.153125 0.452083 0.154688 0.454167 0.154688 0.460417 0.156250 0.462500 0.156250 0.472917 0.151562 0.479167 0.150000 0.479167 0.151562 0.479167 0.153125 0.481250 0.154688 0.481250 0.156250 0.483333 0.157812 0.481250 0.160938 0.481250 0.160938 0.472917 0.159375 0.470833 0.159375 0.468750 0.157812 0.466667 0.157812 0.445833 0.160938 0.441667 0.160938 0.439583 0.162500 0.437500 0.162500 0.435417 0.164062 0.433333 0.164062 0.429167 0.165625 0.427083 0.165625 0.420833 0.167187 0.418750 0.167187 0.416667 0.165625 0.414583 0.165625 0.410417 0.164062 0.408333
46 0.242188 0.395833 0.240625 0.397917 0.240625 0.404167 0.242188 0.406250 0.242188 0.408333 0.243750 0.410417 0.243750 0.425000 0.242188 0.427083 0.242188 0.431250 0.246875 0.437500 0.246875 0.439583 0.248438 0.441667 0.248438 0.450000 0.250000 0.452083 0.250000 0.435417 0.254688 0.429167 0.254688 0.427083 0.257812 0.422917 0.257812 0.420833 0.259375 0.418750 0.259375 0.404167 0.257812 0.402083 0.257812 0.400000 0.254688 0.395833 0.242188 0.395833
46 0.092188 0.408333 0.092188 0.410417 0.095312 0.414583 0.095312 0.416667 0.096875 0.418750 0.096875 0.433333 0.104688 0.443750 0.104688 0.445833 0.106250 0.447917 0.106250 0.462500 0.107813 0.464583 0.107813 0.479167 0.103125 0.485417 0.114062 0.485417 0.115625 0.483333 0.117188 0.483333 0.110937 0.475000 0.110937 0.470833 0.109375 0.468750 0.109375 0.456250 0.107813 0.454167 0.107813 0.445833 0.115625 0.435417 0.115625 0.425000 0.117188 0.422917 0.117188 0.414583 0.118750 0.412500 0.118750 0.408333 0.092188 0.408333
46 0.168750 0.408333 0.168750 0.431250 0.170313 0.433333 0.170313 0.437500 0.171875 0.439583 0.171875 0.441667 0.173437 0.443750 0.173437 0.447917 0.175000 0.450000 0.175000 0.452083 0.176563 0.454167 0.176563 0.456250 0.178125 0.458333 0.178125 0.462500 0.179688 0.464583 0.179688 0.466667 0.178125 0.468750 0.178125 0.472917 0.176563 0.475000 0.175000 0.475000 0.176563 0.477083 0.184375 0.477083 0.185938 0.475000 0.190625 0.475000 0.190625 0.472917 0.189062 0.470833 0.189062 0.468750 0.184375 0.468750 0.182812 0.470833 0.181250 0.470833 0.179688 0.468750 0.179688 0.439583 0.184375 0.433333 0.184375 0.431250 0.187500 0.427083 0.187500 0.416667 0.182812 0.410417 0.170313 0.410417 0.168750 0.408333
46 0.209375 0.402083 0.209375 0.406250 0.210938 0.408333 0.210938 0.412500 0.212500 0.414583 0.210938 0.416667 0.210938 0.427083 0.209375 0.429167 0.210938 0.431250 0.210938 0.435417 0.212500 0.437500 0.212500 0.443750 0.214062 0.445833 0.214062 0.452083 0.215625 0.454167 0.215625 0.460417 0.214062 0.462500 0.214062 0.466667 0.210938 0.470833 0.212500 0.472917 0.218750 0.472917 0.220312 0.470833 0.221875 0.470833 0.221875 0.468750 0.215625 0.460417 0.215625 0.445833 0.218750 0.441667 0.223438 0.441667 0.223438 0.420833 0.221875 0.418750 0.221875 0.412500 0.220312 0.410417 0.220312 0.404167 0.214062 0.404167 0.212500 0.402083 0.209375 0.402083
47 0.832812 0.291667 0.832812 0.316667 0.850000 0.316667 0.851562 0.318750 0.853125 0.318750 0.853125 0.312500 0.854688 0.310417 0.854688 0.291667 0.832812 0.291667
47 0.804688 0.279167 0.801562 0.283333 0.801562 0.316667 0.803125 0.318750 0.803125 0.320833 0.810937 0.320833 0.812500 0.318750 0.818750 0.318750 0.820312 0.316667 0.823438 0.316667 0.823438 0.304167 0.821875 0.302083 0.821875 0.281250 0.810937 0.281250 0.809375 0.279167 0.804688 0.279167
47 0.265625 0.422917 0.265625 0.439583 0.267188 0.441667 0.267188 0.445833 0.268750 0.447917 0.268750 0.452083 0.271875 0.456250 0.271875 0.458333 0.273438 0.460417 0.281250 0.460417 0.282813 0.458333 0.292187 0.458333 0.292187 0.427083 0.287500 0.427083 0.285938 0.425000 0.273438 0.425000 0.271875 0.422917 0.265625 0.422917
47 0.229687 0.518750 0.231250 0.520833 0.231250 0.522917 0.232813 0.525000 0.232813 0.527083 0.242188 0.527083 0.243750 0.529167 0.253125 0.529167 0.253125 0.525000 0.254688 0.522917 0.254688 0.520833 0.259375 0.514583 0.260937 0.514583 0.267188 0.506250 0.267188 0.504167 0.268750 0.502083 0.268750 0.495833 0.265625 0.491667 0.257812 0.491667 0.254688 0.487500 0.229687 0.487500 0.229687 0.518750
47 0.251563 0.483333 0.251563 0.485417 0.254688 0.485417 0.256250 0.487500 0.257812 0.487500 0.259375 0.489583 0.265625 0.489583 0.270313 0.495833 0.270313 0.504167 0.268750 0.506250 0.268750 0.508333 0.262500 0.516667 0.260937 0.516667 0.256250 0.522917 0.256250 0.525000 0.264062 0.525000 0.265625 0.522917 0.267188 0.522917 0.270313 0.518750 0.271875 0.518750 0.273438 0.520833 0.275000 0.520833 0.276562 0.518750 0.278125 0.518750 0.279687 0.516667 0.279687 0.514583 0.281250 0.512500 0.281250 0.506250 0.279687 0.504167 0.279687 0.500000 0.278125 0.497917 0.278125 0.495833 0.276562 0.493750 0.275000 0.493750 0.273438 0.491667 0.271875 0.491667 0.270313 0.489583 0.268750 0.489583 0.267188 0.487500 0.267188 0.485417 0.265625 0.485417 0.264062 0.483333 0.251563 0.483333
47 0.276562 0.485417 0.276562 0.491667 0.279687 0.495833 0.279687 0.497917 0.281250 0.500000 0.281250 0.504167 0.282813 0.506250 0.282813 0.512500 0.281250 0.514583 0.281250 0.516667 0.293750 0.516667 0.295312 0.514583 0.296875 0.514583 0.300000 0.510417 0.303125 0.510417 0.306250 0.506250 0.306250 0.495833 0.304688 0.493750 0.304688 0.491667 0.300000 0.485417 0.276562 0.485417
47 0.179688 0.495833 0.179688 0.525000 0.182812 0.525000 0.184375 0.522917 0.198437 0.522917 0.204687 0.531250 0.204687 0.518750 0.212500 0.508333 0.212500 0.504167 0.214062 0.502083 0.214062 0.500000 0.212500 0.497917 0.212500 0.495833 0.210938 0.495833 0.209375 0.493750 0.207813 0.493750 0.207813 0.495833 0.206250 0.497917 0.204687 0.495833 0.204687 0.493750 0.195312 0.493750 0.193750 0.495833 0.179688 0.495833
47 0.214062 0.485417 0.214062 0.487500 0.212500 0.489583 0.212500 0.491667 0.215625 0.495833 0.215625 0.504167 0.214062 0.506250 0.214062 0.508333 0.212500 0.510417 0.212500 0.512500 0.209375 0.516667 0.209375 0.518750 0.210938 0.518750 0.212500 0.520833 0.214062 0.520833 0.215625 0.522917 0.215625 0.525000 0.221875 0.525000 0.223438 0.527083 0.229687 0.527083 0.231250 0.525000 0.229687 0.522917 0.229687 0.520833 0.228125 0.518750 0.228125 0.504167 0.226562 0.502083 0.226562 0.489583 0.225000 0.487500 0.215625 0.487500 0.214062 0.485417
47 0.792188 0.306250 0.790625 0.308333 0.790625 0.318750 0.792188 0.318750 0.793750 0.320833 0.798438 0.320833 0.798438 0.306250 0.792188 0.306250
47 0.307812 0.477083 0.307812 0.483333 0.309375 0.485417 0.309375 0.489583 0.307812 0.491667 0.307812 0.502083 0.309375 0.504167 0.309375 0.506250 0.325000 0.506250 0.325000 0.504167 0.326562 0.502083 0.328125 0.504167 0.332813 0.504167 0.335938 0.500000 0.335938 0.495833 0.337500 0.493750 0.335938 0.491667 0.335938 0.487500 0.334375 0.485417 0.334375 0.483333 0.332813 0.481250 0.328125 0.481250 0.326562 0.483333 0.325000 0.481250 0.325000 0.477083 0.307812 0.477083
51 0.585938 0.358333 0.584375 0.356250 0.582812 0.358333 0.570312 0.358333 0.568750 0.360417 0.567187 0.360417 0.567187 0.362500 0.568750 0.364583 0.568750 0.368750 0.570312 0.370833 0.570312 0.372917 0.582812 0.372917 0.582812 0.368750 0.584375 0.366667 0.584375 0.364583 0.585938 0.362500 0.585938 0.358333
51 0.876563 0.456250 0.871875 0.456250 0.870313 0.458333 0.843750 0.458333 0.842187 0.460417 0.790625 0.460417 0.792188 0.462500 0.837500 0.462500 0.839063 0.460417 0.871875 0.460417 0.873437 0.458333 0.876563 0.458333 0.876563 0.456250
51 0.876563 0.443750 0.853125 0.443750 0.851562 0.445833 0.828125 0.445833 0.826562 0.447917 0.807813 0.447917 0.806250 0.450000 0.795312 0.450000 0.793750 0.452083 0.792188 0.452083 0.793750 0.452083 0.795312 0.454167 0.800000 0.454167 0.801562 0.452083 0.829688 0.452083 0.831250 0.450000 0.854688 0.450000 0.856250 0.447917 0.871875 0.447917 0.873437 0.445833 0.876563 0.445833 0.876563 0.443750
51 0.790625 0.445833 0.793750 0.445833 0.795312 0.447917 0.806250 0.447917 0.807813 0.445833 0.825000 0.445833 0.826562 0.443750 0.831250 0.443750 0.832812 0.441667 0.834375 0.441667 0.807813 0.441667 0.806250 0.443750 0.790625 0.443750 0.790625 0.445833
51 0.875000 0.447917 0.873437 0.447917 0.871875 0.450000 0.856250 0.450000 0.854688 0.452083 0.839063 0.452083 0.837500 0.454167 0.818750 0.454167 0.817187 0.456250 0.796875 0.456250 0.800000 0.456250 0.801562 0.458333 0.806250 0.458333 0.807813 0.456250 0.867188 0.456250 0.873437 0.447917 0.875000 0.447917
51 0.876563 0.462500 0.839063 0.462500 0.837500 0.464583 0.793750 0.464583 0.793750 0.466667 0.795312 0.466667 0.798438 0.470833 0.800000 0.470833 0.807813 0.481250 0.850000 0.481250 0.851562 0.479167 0.859375 0.479167 0.868750 0.466667 0.873437 0.466667 0.875000 0.464583 0.876563 0.464583 0.876563 0.462500
62 0.482812 0.993750 0.457813 0.910417 0.450000 0.895833 0.410938 0.866667 0.379688 0.854167 0.367188 0.852083 0.365625 0.854167 0.337500 0.856250 0.304688 0.877083 0.281250 0.902083 0.257812 0.956250 0.257812 0.962500 0.248438 0.997917 0.482812 0.997917 0.482812 0.993750
67 0.790625 0.985417 0.784375 0.985417 0.782813 0.983333 0.776563 0.983333 0.775000 0.981250 0.770312 0.981250 0.768750 0.979167 0.762500 0.979167 0.760938 0.977083 0.756250 0.977083 0.754687 0.975000 0.750000 0.975000 0.748437 0.972917 0.742188 0.972917 0.740625 0.970833 0.735938 0.970833 0.734375 0.968750 0.729688 0.968750 0.728125 0.966667 0.721875 0.966667 0.720313 0.964583 0.715625 0.964583 0.714063 0.962500 0.709375 0.962500 0.707812 0.960417 0.703125 0.960417 0.701562 0.958333 0.695312 0.958333 0.693750 0.956250 0.690625 0.956250 0.689063 0.958333 0.681250 0.958333 0.679688 0.960417 0.673438 0.960417 0.671875 0.962500 0.664062 0.962500 0.662500 0.964583 0.654687 0.964583 0.653125 0.966667 0.645312 0.966667 0.643750 0.968750 0.637500 0.968750 0.635938 0.970833 0.628125 0.970833 0.626563 0.972917 0.609375 0.975000 0.607812 0.977083 0.601562 0.977083 0.600000 0.979167 0.582812 0.981250 0.660937 0.981250 0.662500 0.983333 0.751563 0.983333 0.753125 0.985417 0.790625 0.985417
78 0.667188 0.472917 0.660937 0.472917 0.659375 0.475000 0.590625 0.475000 0.590625 0.522917 0.592187 0.525000 0.592187 0.531250 0.612500 0.531250 0.614062 0.533333 0.657813 0.533333 0.659375 0.535417 0.671875 0.535417 0.671875 0.527083 0.670312 0.525000 0.670312 0.504167 0.668750 0.502083 0.668750 0.483333 0.667188 0.481250 0.667188 0.472917
79 0.437500 0.614583 0.439063 0.616667 0.442188 0.616667 0.443750 0.614583 0.446875 0.614583 0.448437 0.612500 0.450000 0.612500 0.451562 0.610417 0.454688 0.610417 0.456250 0.608333 0.459375 0.608333 0.459375 0.606250 0.460938 0.604167 0.460938 0.597917 0.462500 0.595833 0.462500 0.593750 0.464062 0.591667 0.464062 0.589583 0.467187 0.585417 0.467187 0.583333 0.476562 0.570833 0.478125 0.570833 0.479687 0.568750 0.482812 0.568750 0.484375 0.566667 0.485938 0.566667 0.487500 0.564583 0.489063 0.564583 0.490625 0.562500 0.493750 0.562500 0.495312 0.560417 0.496875 0.560417 0.498437 0.558333 0.500000 0.558333 0.500000 0.552083 0.485938 0.552083 0.484375 0.550000 0.435937 0.550000 0.434375 0.547917 0.431250 0.547917 0.431250 0.550000 0.429688 0.552083 0.429688 0.566667 0.431250 0.568750 0.431250 0.577083 0.432812 0.579167 0.432812 0.589583 0.434375 0.591667 0.434375 0.597917 0.435937 0.600000 0.435937 0.606250 0.437500 0.608333 0.437500 0.614583
82 0.781250 0.356250 0.678125 0.366667 0.671875 0.360417 0.670312 0.439583 0.678125 0.595833 0.684375 0.595833 0.690625 0.581250 0.696875 0.587500 0.701562 0.604167 0.707812 0.612500 0.706250 0.639583 0.723437 0.641667 0.721875 0.606250 0.725000 0.589583 0.728125 0.585417 0.731250 0.585417 0.739062 0.600000 0.818750 0.604167 0.817187 0.529167 0.789062 0.529167 0.778125 0.491667 0.779687 0.466667 0.787500 0.443750 0.796875 0.441667 0.801562 0.429167 0.815625 0.431250 0.817187 0.385417 0.779687 0.381250 0.775000 0.366667 0.781250 0.356250
