1 0.254808 0.048438 0.187500 0.059375 0.187500 0.067187 0.204327 0.067187 0.173077 0.107813 0.175481 0.153125 0.187500 0.182812 0.036058 0.242188 0.009615 0.384375 0.016827 0.445312 0.096154 0.542188 0.079327 0.754687 0.100962 0.748437 0.093750 0.723437 0.105769 0.712500 0.218750 0.704688 0.216346 0.653125 0.209135 0.643750 0.358173 0.628125 0.355769 0.478125 0.372596 0.315625 0.338942 0.218750 0.319712 0.207813 0.331731 0.181250 0.326923 0.118750 0.310096 0.084375 0.254808 0.048438
1 0.519231 0.073438 0.487981 0.101562 0.463942 0.150000 0.475962 0.204687 0.519231 0.234375 0.519231 0.248438 0.379808 0.296875 0.358173 0.485938 0.372596 0.626563 0.572115 0.593750 0.598558 0.637500 0.514423 0.650000 0.658654 0.667188 0.670673 0.664062 0.610577 0.596875 0.612981 0.568750 0.692308 0.660937 0.740385 0.648438 0.747596 0.635938 0.709135 0.635938 0.752404 0.621875 0.723558 0.568750 0.778846 0.457813 0.819712 0.459375 0.824519 0.439063 0.725962 0.254688 0.629808 0.232813 0.685096 0.179688 0.677885 0.175000 0.685096 0.157812 0.716346 0.146875 0.668269 0.106250 0.627404 0.084375 0.579327 0.070312 0.519231 0.073438
1 0.997596 0.157812 0.980769 0.170313 0.908654 0.206250 0.887019 0.243750 0.887019 0.271875 0.865385 0.303125 0.853365 0.350000 0.860577 0.353125 0.846154 0.360938 0.838942 0.387500 0.841346 0.443750 0.858173 0.471875 0.819712 0.621875 0.978365 0.667188 0.985577 0.664062 0.987981 0.653125 0.985577 0.593750 0.997596 0.582812 0.997596 0.157812
47 0.853365 0.106250 0.848558 0.109375 0.848558 0.110937 0.836538 0.118750 0.836538 0.121875 0.834135 0.123438 0.834135 0.134375 0.838942 0.137500 0.841346 0.137500 0.843750 0.139063 0.877404 0.139063 0.879808 0.137500 0.879808 0.135937 0.882212 0.134375 0.882212 0.132812 0.884615 0.131250 0.884615 0.125000 0.887019 0.123438 0.887019 0.121875 0.884615 0.120313 0.884615 0.118750 0.882212 0.117188 0.882212 0.115625 0.870192 0.115625 0.867788 0.114062 0.867788 0.112500 0.865385 0.110937 0.865385 0.109375 0.862981 0.107813 0.862981 0.106250 0.853365 0.106250
47 0.939904 0.151562 0.932692 0.151562 0.932692 0.153125 0.930288 0.154688 0.930288 0.160938 0.925481 0.164062 0.923077 0.164062 0.920673 0.165625 0.918269 0.165625 0.918269 0.167187 0.915865 0.168750 0.915865 0.173437 0.913462 0.175000 0.913462 0.184375 0.915865 0.184375 0.918269 0.185938 0.947115 0.185938 0.949519 0.184375 0.949519 0.182812 0.951923 0.181250 0.951923 0.176563 0.954327 0.175000 0.951923 0.173437 0.951923 0.168750 0.949519 0.167187 0.949519 0.165625 0.947115 0.164062 0.947115 0.162500 0.944712 0.160938 0.944712 0.156250 0.942308 0.154688 0.942308 0.153125 0.939904 0.151562
47 0.850962 0.153125 0.848558 0.154688 0.846154 0.154688 0.834135 0.162500 0.831731 0.162500 0.829327 0.164062 0.829327 0.165625 0.824519 0.168750 0.826923 0.170313 0.826923 0.173437 0.829327 0.175000 0.829327 0.176563 0.838942 0.182812 0.841346 0.182812 0.846154 0.185938 0.848558 0.185938 0.850962 0.187500 0.853365 0.187500 0.858173 0.190625 0.860577 0.190625 0.862981 0.189062 0.867788 0.189062 0.877404 0.182812 0.877404 0.181250 0.879808 0.179688 0.879808 0.171875 0.875000 0.168750 0.872596 0.168750 0.862981 0.162500 0.862981 0.157812 0.858173 0.154688 0.855769 0.154688 0.853365 0.153125 0.850962 0.153125
47 0.836538 0.250000 0.836538 0.254688 0.834135 0.256250 0.834135 0.276562 0.860577 0.276562 0.862981 0.278125 0.867788 0.278125 0.870192 0.276562 0.870192 0.273438 0.872596 0.271875 0.884615 0.271875 0.884615 0.262500 0.879808 0.259375 0.877404 0.259375 0.870192 0.254688 0.870192 0.250000 0.836538 0.250000
47 0.444712 0.214062 0.442308 0.215625 0.442308 0.218750 0.439904 0.220312 0.437500 0.220312 0.425481 0.228125 0.425481 0.231250 0.423077 0.232813 0.423077 0.235937 0.425481 0.237500 0.425481 0.239063 0.430288 0.239063 0.432692 0.240625 0.435096 0.240625 0.439904 0.243750 0.442308 0.243750 0.447115 0.246875 0.449519 0.246875 0.451923 0.248438 0.454327 0.248438 0.459135 0.251563 0.461538 0.250000 0.463942 0.250000 0.475962 0.242188 0.475962 0.240625 0.478365 0.239063 0.456731 0.225000 0.456731 0.218750 0.449519 0.214062 0.444712 0.214062
47 0.346154 0.215625 0.338942 0.220312 0.338942 0.226562 0.341346 0.228125 0.341346 0.229687 0.346154 0.232813 0.346154 0.234375 0.348558 0.235937 0.348558 0.237500 0.350962 0.239063 0.350962 0.240625 0.353365 0.242188 0.353365 0.245312 0.355769 0.246875 0.355769 0.248438 0.358173 0.246875 0.360577 0.246875 0.367788 0.242188 0.372596 0.242188 0.377404 0.239063 0.379808 0.239063 0.379808 0.232813 0.377404 0.231250 0.377404 0.229687 0.372596 0.226562 0.372596 0.225000 0.367788 0.221875 0.365385 0.221875 0.362981 0.220312 0.358173 0.220312 0.355769 0.218750 0.355769 0.217188 0.353365 0.217188 0.350962 0.215625 0.346154 0.215625
47 0.706731 0.148438 0.704327 0.150000 0.701923 0.150000 0.689904 0.157812 0.687500 0.157812 0.687500 0.159375 0.685096 0.160938 0.685096 0.162500 0.682692 0.164062 0.682692 0.167187 0.680288 0.168750 0.680288 0.175000 0.682692 0.175000 0.687500 0.178125 0.689904 0.178125 0.694712 0.181250 0.697115 0.181250 0.701923 0.184375 0.704327 0.184375 0.709135 0.187500 0.711538 0.187500 0.713942 0.189062 0.725962 0.189062 0.735577 0.182812 0.735577 0.179688 0.737981 0.178125 0.737981 0.171875 0.725962 0.164062 0.725962 0.157812 0.721154 0.154688 0.721154 0.153125 0.718750 0.151562 0.713942 0.151562 0.711538 0.150000 0.709135 0.150000 0.706731 0.148438
47 0.442308 0.167187 0.439904 0.168750 0.439904 0.170313 0.437500 0.171875 0.435096 0.171875 0.432692 0.173437 0.430288 0.173437 0.423077 0.178125 0.423077 0.179688 0.420673 0.181250 0.420673 0.189062 0.423077 0.190625 0.425481 0.190625 0.449519 0.206250 0.451923 0.204687 0.459135 0.204687 0.463942 0.201563 0.463942 0.200000 0.461538 0.198437 0.461538 0.195312 0.459135 0.193750 0.459135 0.192188 0.461538 0.190625 0.461538 0.189062 0.463942 0.187500 0.463942 0.184375 0.461538 0.184375 0.456731 0.181250 0.456731 0.173437 0.447115 0.167187 0.442308 0.167187
47 0.487981 0.218750 0.473558 0.228125 0.473558 0.229687 0.471154 0.231250 0.471154 0.232813 0.500000 0.251563 0.502404 0.250000 0.504808 0.250000 0.507212 0.248438 0.509615 0.248438 0.514423 0.245312 0.514423 0.243750 0.516827 0.242188 0.516827 0.234375 0.514423 0.232813 0.512019 0.232813 0.500000 0.225000 0.500000 0.220312 0.497596 0.218750 0.487981 0.218750
47 0.281250 0.721875 0.276442 0.721875 0.274038 0.720313 0.266827 0.720313 0.264423 0.718750 0.257212 0.718750 0.254808 0.717187 0.247596 0.717187 0.245192 0.715625 0.240385 0.715625 0.237981 0.717187 0.233173 0.717187 0.230769 0.718750 0.225962 0.718750 0.223558 0.720313 0.218750 0.720313 0.216346 0.721875 0.211538 0.721875 0.209135 0.723437 0.206731 0.723437 0.194712 0.732812 0.187500 0.732812 0.185096 0.734375 0.182692 0.734375 0.177885 0.737500 0.177885 0.739062 0.168269 0.746875 0.170673 0.748437 0.170673 0.751563 0.175481 0.756250 0.175481 0.759375 0.180288 0.764062 0.180288 0.767188 0.192308 0.775000 0.192308 0.776563 0.197115 0.781250 0.197115 0.804688 0.201923 0.804688 0.204327 0.806250 0.209135 0.806250 0.211538 0.807813 0.216346 0.807813 0.218750 0.809375 0.245192 0.809375 0.247596 0.807813 0.264423 0.807813 0.266827 0.806250 0.276442 0.806250 0.278846 0.804688 0.286058 0.804688 0.288462 0.803125 0.288462 0.776563 0.290865 0.775000 0.290865 0.728125 0.281250 0.721875
49 0.615385 0.568750 0.615385 0.575000 0.612981 0.576562 0.612981 0.581250 0.610577 0.582812 0.610577 0.590625 0.612981 0.592187 0.612981 0.596875 0.615385 0.598437 0.615385 0.600000 0.639423 0.620313 0.639423 0.626563 0.644231 0.629687 0.651442 0.640625 0.656250 0.643750 0.661058 0.651563 0.665865 0.654687 0.670673 0.662500 0.675481 0.665625 0.682692 0.676562 0.687500 0.679688 0.687500 0.681250 0.689904 0.682813 0.692308 0.687500 0.697115 0.690625 0.697115 0.692187 0.706731 0.696875 0.709135 0.696875 0.721154 0.701562 0.713942 0.693750 0.713942 0.690625 0.711538 0.689063 0.711538 0.687500 0.709135 0.685937 0.709135 0.684375 0.706731 0.682813 0.706731 0.681250 0.704327 0.679688 0.704327 0.678125 0.701923 0.676562 0.701923 0.675000 0.699519 0.673438 0.699519 0.671875 0.697115 0.670312 0.697115 0.668750 0.694712 0.667188 0.694712 0.665625 0.692308 0.664062 0.692308 0.662500 0.689904 0.660937 0.689904 0.659375 0.687500 0.657813 0.687500 0.656250 0.685096 0.654687 0.685096 0.653125 0.682692 0.651563 0.682692 0.650000 0.680288 0.648438 0.680288 0.646875 0.677885 0.645312 0.677885 0.643750 0.675481 0.642188 0.675481 0.640625 0.673077 0.639062 0.673077 0.637500 0.670673 0.635938 0.670673 0.634375 0.668269 0.632812 0.653846 0.612500 0.649038 0.609375 0.641827 0.598437 0.639423 0.598437 0.627404 0.590625 0.627404 0.589063 0.625000 0.587500 0.625000 0.584375 0.622596 0.582812 0.622596 0.579688 0.620192 0.578125 0.620192 0.575000 0.617788 0.573438 0.617788 0.570312 0.615385 0.568750
61 0.966346 0.776563 0.966346 0.767188 0.932692 0.742188 0.877404 0.729688 0.817308 0.709375 0.754808 0.670312 0.728365 0.662500 0.694712 0.662500 0.716346 0.690625 0.718750 0.701562 0.694712 0.692187 0.670673 0.665625 0.343750 0.723437 0.365385 0.751563 0.423077 0.789062 0.420673 0.784375 0.519231 0.831250 0.617788 0.887500 0.680288 0.895312 0.723558 0.867188 0.798077 0.845313 0.838942 0.818750 0.939904 0.789062 0.966346 0.776563
62 0.596154 0.637500 0.574519 0.598437 0.569712 0.595313 0.451923 0.615625 0.442308 0.615625 0.221154 0.651563 0.221154 0.692187 0.230769 0.692187 0.283654 0.682813 0.314904 0.679688 0.336538 0.675000 0.346154 0.675000 0.367788 0.670312 0.377404 0.670312 0.399038 0.665625 0.408654 0.665625 0.430288 0.660937 0.439904 0.660937 0.451923 0.657813 0.461538 0.657813 0.483173 0.653125 0.492788 0.653125 0.514423 0.648438 0.524038 0.648438 0.545673 0.643750 0.596154 0.637500
62 0.026442 0.937500 0.028846 0.939063 0.028846 0.942187 0.031250 0.943750 0.031250 0.946875 0.033654 0.948438 0.033654 0.951562 0.036058 0.953125 0.036058 0.956250 0.038462 0.957812 0.038462 0.960938 0.040865 0.962500 0.040865 0.965625 0.043269 0.967187 0.043269 0.970313 0.045673 0.971875 0.045673 0.975000 0.048077 0.976562 0.048077 0.979688 0.050481 0.981250 0.050481 0.984375 0.052885 0.985938 0.052885 0.989062 0.055288 0.990625 0.055288 0.993750 0.057692 0.995313 0.057692 0.996875 0.194712 0.996875 0.192308 0.995313 0.192308 0.993750 0.175481 0.981250 0.175481 0.979688 0.156250 0.965625 0.156250 0.964063 0.151442 0.960938 0.151442 0.959375 0.146635 0.956250 0.146635 0.954688 0.141827 0.951562 0.141827 0.950000 0.137019 0.946875 0.137019 0.945312 0.132212 0.942187 0.132212 0.940625 0.127404 0.937500 0.127404 0.935937 0.122596 0.932813 0.122596 0.931250 0.117788 0.928125 0.117788 0.926562 0.086538 0.903125 0.081731 0.903125 0.076923 0.906250 0.069712 0.907813 0.064904 0.910937 0.062500 0.910937 0.052885 0.915625 0.050481 0.915625 0.060096 0.925000 0.057692 0.926562 0.040865 0.931250 0.036058 0.934375 0.033654 0.934375 0.026442 0.937500
67 0.048077 0.764062 0.355769 0.993750 0.997596 0.998437 0.997596 0.879687 0.778846 0.965625 0.728365 0.948438 0.610577 0.981250 0.435096 0.943750 0.163462 0.795312 0.125000 0.743750 0.048077 0.764062 0.711538 0.635938 0.754808 0.634375 0.757212 0.632812 0.786058 0.632812 0.790865 0.631250 0.793269 0.632812 0.824519 0.634375 0.841346 0.637500 0.855769 0.637500 0.862981 0.640625 0.865385 0.645312 0.870192 0.668750 0.843750 0.681250 0.848558 0.681250 0.875000 0.690625 0.879808 0.690625 0.901442 0.698438 0.906250 0.698438 0.932692 0.707812 0.937500 0.707812 0.997596 0.726562 0.997596 0.685937 0.954327 0.671875 0.949519 0.668750 0.899038 0.653125 0.894231 0.650000 0.786058 0.614062 0.716346 0.635938 0.711538 0.635938
