1 0.935937 0.779167 0.929688 0.783333 0.923438 0.795833 0.923438 0.800000 0.912500 0.818750 0.912500 0.829167 0.917188 0.850000 0.917188 0.858333 0.910937 0.870833 0.906250 0.872917 0.881250 0.856250 0.879687 0.895833 0.896875 0.906250 0.904687 0.916667 0.900000 0.945833 0.918750 0.995833 0.996875 0.997917 0.996875 0.910417 0.998437 0.908333 0.998437 0.881250 0.978125 0.856250 0.987500 0.816667 0.973437 0.793750 0.965625 0.789583 0.948438 0.775000 0.935937 0.779167
1 0.181250 0.522917 0.151562 0.543750 0.142187 0.570833 0.145313 0.600000 0.175000 0.695833 0.182812 0.704167 0.178125 0.743750 0.184375 0.789583 0.195312 0.812500 0.200000 0.833333 0.229687 0.870833 0.232813 0.870833 0.250000 0.743750 0.276562 0.697917 0.275000 0.693750 0.251563 0.679167 0.282813 0.652083 0.282813 0.643750 0.270313 0.608333 0.270313 0.591667 0.251563 0.566667 0.232813 0.527083 0.210938 0.520833 0.181250 0.522917
1 0.671875 0.552083 0.671875 0.556250 0.673438 0.558333 0.673438 0.562500 0.675000 0.564583 0.675000 0.566667 0.678125 0.572917 0.679688 0.572917 0.685937 0.581250 0.687500 0.581250 0.695312 0.591667 0.696875 0.591667 0.706250 0.604167 0.707812 0.604167 0.717187 0.616667 0.718750 0.616667 0.726562 0.627083 0.728125 0.627083 0.732812 0.633333 0.734375 0.631250 0.734375 0.627083 0.735938 0.625000 0.735938 0.620833 0.737500 0.618750 0.737500 0.616667 0.735938 0.614583 0.735938 0.612500 0.723437 0.595833 0.721875 0.595833 0.714063 0.585417 0.712500 0.585417 0.704688 0.575000 0.706250 0.572917 0.706250 0.564583 0.707812 0.562500 0.707812 0.554167 0.709375 0.552083 0.709375 0.547917 0.700000 0.535417 0.695312 0.535417 0.693750 0.537500 0.687500 0.537500 0.684375 0.541667 0.682813 0.541667 0.679688 0.545833 0.678125 0.545833 0.673438 0.552083 0.671875 0.552083
1 0.068750 0.360417 0.068750 0.362500 0.067187 0.364583 0.067187 0.368750 0.065625 0.370833 0.065625 0.383333 0.064062 0.385417 0.064062 0.389583 0.065625 0.391667 0.065625 0.404167 0.067187 0.406250 0.067187 0.420833 0.068750 0.422917 0.068750 0.437500 0.070312 0.439583 0.070312 0.441667 0.076563 0.450000 0.078125 0.447917 0.081250 0.447917 0.082812 0.445833 0.082812 0.408333 0.084375 0.406250 0.084375 0.393750 0.082812 0.391667 0.082812 0.389583 0.081250 0.387500 0.081250 0.383333 0.079687 0.381250 0.079687 0.379167 0.078125 0.377083 0.078125 0.364583 0.079687 0.362500 0.079687 0.360417 0.068750 0.360417
1 0.335938 0.608333 0.334375 0.608333 0.332813 0.606250 0.331250 0.606250 0.329688 0.604167 0.328125 0.604167 0.326562 0.602083 0.325000 0.602083 0.320312 0.597917 0.317188 0.597917 0.312500 0.593750 0.298438 0.593750 0.296875 0.595833 0.290625 0.595833 0.289062 0.597917 0.287500 0.597917 0.284375 0.602083 0.282813 0.602083 0.279687 0.606250 0.278125 0.606250 0.278125 0.608333 0.276562 0.610417 0.275000 0.616667 0.276562 0.618750 0.276562 0.622917 0.278125 0.625000 0.278125 0.629167 0.281250 0.633333 0.281250 0.635417 0.282813 0.637500 0.282813 0.641667 0.284375 0.643750 0.284375 0.650000 0.285938 0.652083 0.282813 0.656250 0.278125 0.658333 0.275000 0.662500 0.273438 0.662500 0.270313 0.666667 0.268750 0.666667 0.267188 0.668750 0.267188 0.672917 0.268750 0.675000 0.268750 0.677083 0.275000 0.685417 0.276562 0.685417 0.279687 0.689583 0.281250 0.689583 0.281250 0.687500 0.284375 0.681250 0.285938 0.681250 0.290625 0.675000 0.292187 0.675000 0.296875 0.668750 0.298438 0.668750 0.303125 0.662500 0.304688 0.662500 0.307812 0.658333 0.309375 0.658333 0.310937 0.656250 0.315625 0.654167 0.318750 0.650000 0.320312 0.650000 0.321875 0.647917 0.323437 0.647917 0.325000 0.645833 0.326562 0.645833 0.328125 0.643750 0.332813 0.641667 0.335938 0.637500 0.335938 0.633333 0.337500 0.631250 0.337500 0.629167 0.339062 0.627083 0.340625 0.627083 0.340625 0.618750 0.337500 0.614583 0.335938 0.608333
1 0.000000 0.535417 0.003125 0.993750 0.203125 0.995833 0.218750 0.887500 0.190625 0.831250 0.168750 0.720833 0.160938 0.658333 0.125000 0.562500 0.087500 0.535417 0.000000 0.535417
1 0.659375 0.516667 0.657813 0.514583 0.656250 0.514583 0.654687 0.512500 0.653125 0.512500 0.650000 0.508333 0.648438 0.508333 0.646875 0.506250 0.645312 0.506250 0.643750 0.504167 0.642188 0.504167 0.640625 0.506250 0.628125 0.506250 0.625000 0.510417 0.625000 0.512500 0.621875 0.516667 0.621875 0.518750 0.617188 0.525000 0.617188 0.529167 0.618750 0.531250 0.618750 0.537500 0.620313 0.539583 0.620313 0.545833 0.621875 0.547917 0.621875 0.552083 0.623437 0.554167 0.623437 0.558333 0.642188 0.558333 0.643750 0.556250 0.662500 0.556250 0.662500 0.552083 0.664062 0.550000 0.664062 0.541667 0.665625 0.539583 0.665625 0.535417 0.664062 0.533333 0.664062 0.531250 0.662500 0.529167 0.662500 0.527083 0.660937 0.525000 0.660937 0.520833 0.659375 0.518750 0.659375 0.516667
1 0.464062 0.179167 0.418750 0.218750 0.390625 0.272917 0.381250 0.350000 0.384375 0.481250 0.396875 0.560417 0.410938 0.577083 0.276562 0.693750 0.250000 0.762500 0.220312 0.977083 0.485938 0.981250 0.478125 0.733333 0.492188 0.664583 0.481250 0.647917 0.492188 0.629167 0.517188 0.625000 0.528125 0.647917 0.518750 0.685417 0.559375 0.785417 0.581250 0.981250 0.793750 0.985417 0.717187 0.625000 0.670312 0.585417 0.682813 0.614583 0.681250 0.677083 0.696875 0.706250 0.718750 0.966667 0.696875 0.787500 0.609375 0.570833 0.564063 0.558333 0.579688 0.479167 0.575000 0.322917 0.534375 0.202083 0.464062 0.179167
1 0.818750 0.562500 0.815625 0.566667 0.814063 0.566667 0.809375 0.572917 0.807813 0.572917 0.809375 0.575000 0.809375 0.577083 0.810937 0.579167 0.812500 0.577083 0.812500 0.572917 0.814063 0.570833 0.817187 0.570833 0.818750 0.568750 0.820312 0.568750 0.820312 0.564583 0.818750 0.562500
1 0.829688 0.562500 0.818750 0.579167 0.807813 0.608333 0.814063 0.616667 0.842187 0.631250 0.846875 0.656250 0.848437 0.681250 0.818750 0.747917 0.818750 0.758333 0.856250 0.793750 0.882812 0.854167 0.889062 0.858333 0.893750 0.839583 0.876563 0.772917 0.878125 0.768750 0.889062 0.791667 0.906250 0.812500 0.907813 0.864583 0.915625 0.856250 0.909375 0.820833 0.921875 0.800000 0.910937 0.772917 0.898438 0.702083 0.881250 0.668750 0.875000 0.670833 0.870313 0.668750 0.865625 0.641667 0.867188 0.593750 0.846875 0.562500 0.829688 0.562500
1 0.750000 0.614583 0.731250 0.639583 0.731250 0.645833 0.820312 0.997917 0.871875 0.997917 0.875000 0.989583 0.881250 0.941667 0.878125 0.856250 0.860938 0.808333 0.817187 0.758333 0.817187 0.745833 0.845313 0.683333 0.839063 0.633333 0.814063 0.618750 0.803125 0.608333 0.750000 0.614583
1 0.893750 0.579167 0.885938 0.610417 0.903125 0.647917 0.940625 0.689583 0.939063 0.704167 0.935937 0.708333 0.892188 0.683333 0.900000 0.702083 0.906250 0.735417 0.912500 0.733333 0.946875 0.756250 0.998437 0.820833 0.998437 0.662500 0.975000 0.643750 0.968750 0.635417 0.939063 0.575000 0.923438 0.564583 0.918750 0.564583 0.893750 0.579167
27 0.614062 0.556250 0.603125 0.562500 0.610938 0.570833 0.626563 0.618750 0.643750 0.660417 0.665625 0.695833 0.673438 0.729167 0.682813 0.741667 0.687500 0.760417 0.698438 0.787500 0.700000 0.825000 0.707812 0.864583 0.718750 0.964583 0.715625 0.895833 0.703125 0.785417 0.692187 0.739583 0.695312 0.706250 0.690625 0.693750 0.679688 0.677083 0.682813 0.662500 0.681250 0.614583 0.657813 0.558333 0.623437 0.560417 0.614062 0.556250
32 0.492188 0.631250 0.482812 0.647917 0.493750 0.664583 0.490625 0.697917 0.479687 0.733333 0.484375 0.760417 0.481250 0.808333 0.482812 0.810417 0.487500 0.997917 0.579688 0.995833 0.578125 0.941667 0.556250 0.777083 0.535937 0.722917 0.517188 0.685417 0.518750 0.666667 0.526563 0.647917 0.517188 0.627083 0.492188 0.631250
