1 0.718750 0.660417 0.718750 0.662500 0.717187 0.664583 0.717187 0.666667 0.714063 0.670833 0.714063 0.672917 0.709375 0.679167 0.709375 0.685417 0.707812 0.687500 0.707812 0.689583 0.709375 0.691667 0.709375 0.693750 0.710938 0.695833 0.710938 0.697917 0.712500 0.697917 0.714063 0.695833 0.717187 0.695833 0.718750 0.693750 0.721875 0.693750 0.723437 0.691667 0.725000 0.691667 0.726562 0.689583 0.728125 0.691667 0.728125 0.697917 0.731250 0.693750 0.732812 0.693750 0.734375 0.691667 0.732812 0.689583 0.732812 0.687500 0.729688 0.683333 0.729688 0.681250 0.731250 0.679167 0.731250 0.677083 0.726562 0.670833 0.726562 0.668750 0.728125 0.666667 0.728125 0.662500 0.726562 0.660417 0.718750 0.660417
1 0.389062 0.641667 0.387500 0.643750 0.385937 0.643750 0.382812 0.647917 0.382812 0.650000 0.379688 0.654167 0.379688 0.656250 0.378125 0.658333 0.378125 0.670833 0.381250 0.675000 0.381250 0.677083 0.382812 0.679167 0.382812 0.681250 0.385937 0.685417 0.385937 0.687500 0.389062 0.691667 0.389062 0.693750 0.390625 0.695833 0.390625 0.700000 0.392188 0.702083 0.392188 0.704167 0.393750 0.706250 0.393750 0.708333 0.395313 0.710417 0.396875 0.710417 0.400000 0.706250 0.400000 0.702083 0.396875 0.697917 0.396875 0.695833 0.395313 0.693750 0.395313 0.687500 0.393750 0.685417 0.393750 0.677083 0.392188 0.675000 0.392188 0.650000 0.390625 0.647917 0.390625 0.641667 0.389062 0.641667
1 0.795312 0.675000 0.793750 0.677083 0.793750 0.679167 0.795312 0.681250 0.795312 0.683333 0.796875 0.685417 0.796875 0.693750 0.795312 0.695833 0.795312 0.700000 0.804688 0.700000 0.804688 0.679167 0.801562 0.679167 0.800000 0.677083 0.798438 0.677083 0.796875 0.675000 0.795312 0.675000
16 0.517188 0.293750 0.515625 0.295833 0.514062 0.295833 0.504687 0.308333 0.503125 0.308333 0.495312 0.318750 0.492188 0.314583 0.490625 0.314583 0.489063 0.312500 0.487500 0.312500 0.485938 0.310417 0.481250 0.310417 0.478125 0.306250 0.476562 0.306250 0.475000 0.304167 0.473438 0.304167 0.470313 0.300000 0.468750 0.300000 0.473438 0.306250 0.473438 0.308333 0.475000 0.310417 0.476562 0.310417 0.479687 0.314583 0.481250 0.314583 0.487500 0.322917 0.487500 0.327083 0.485938 0.329167 0.484375 0.329167 0.482812 0.331250 0.481250 0.331250 0.479687 0.333333 0.482812 0.333333 0.484375 0.331250 0.495312 0.331250 0.496875 0.329167 0.498437 0.329167 0.500000 0.327083 0.501563 0.327083 0.503125 0.325000 0.504687 0.325000 0.506250 0.322917 0.509375 0.322917 0.510938 0.320833 0.507812 0.320833 0.504687 0.316667 0.504687 0.314583 0.507812 0.310417 0.509375 0.310417 0.512500 0.306250 0.514062 0.306250 0.517188 0.302083 0.517188 0.293750
16 0.700000 0.362500 0.700000 0.364583 0.701562 0.366667 0.701562 0.372917 0.700000 0.375000 0.696875 0.375000 0.704688 0.375000 0.706250 0.377083 0.707812 0.377083 0.709375 0.379167 0.710938 0.379167 0.714063 0.383333 0.715625 0.383333 0.717187 0.385417 0.718750 0.385417 0.721875 0.389583 0.723437 0.389583 0.726562 0.393750 0.726562 0.387500 0.723437 0.383333 0.723437 0.381250 0.717187 0.372917 0.720313 0.368750 0.723437 0.368750 0.721875 0.366667 0.714063 0.366667 0.712500 0.364583 0.704688 0.364583 0.703125 0.362500 0.700000 0.362500
16 0.000000 0.391667 0.000000 0.393750 0.006250 0.402083 0.007812 0.402083 0.010937 0.406250 0.010937 0.412500 0.012500 0.414583 0.012500 0.416667 0.010937 0.418750 0.007812 0.418750 0.006250 0.420833 0.023438 0.420833 0.028125 0.414583 0.032813 0.414583 0.031250 0.414583 0.029687 0.412500 0.028125 0.412500 0.026562 0.410417 0.026562 0.404167 0.029687 0.400000 0.031250 0.400000 0.032813 0.397917 0.031250 0.400000 0.028125 0.400000 0.026562 0.402083 0.025000 0.402083 0.025000 0.404167 0.021875 0.408333 0.020313 0.408333 0.012500 0.397917 0.012500 0.395833 0.009375 0.395833 0.007812 0.393750 0.004687 0.393750 0.003125 0.391667 0.000000 0.391667
16 0.206250 0.406250 0.203125 0.410417 0.203125 0.412500 0.201563 0.414583 0.201563 0.418750 0.198437 0.422917 0.198437 0.425000 0.195312 0.429167 0.195312 0.431250 0.190625 0.437500 0.189062 0.435417 0.185938 0.435417 0.184375 0.433333 0.182812 0.433333 0.181250 0.431250 0.179688 0.431250 0.178125 0.429167 0.176563 0.429167 0.175000 0.427083 0.171875 0.427083 0.170313 0.425000 0.168750 0.425000 0.167187 0.422917 0.164062 0.422917 0.162500 0.420833 0.159375 0.420833 0.160938 0.420833 0.162500 0.422917 0.164062 0.422917 0.165625 0.425000 0.167187 0.425000 0.168750 0.427083 0.170313 0.427083 0.176563 0.435417 0.178125 0.435417 0.181250 0.439583 0.182812 0.439583 0.184375 0.441667 0.182812 0.443750 0.181250 0.443750 0.179688 0.445833 0.178125 0.445833 0.181250 0.445833 0.182812 0.447917 0.182812 0.450000 0.185938 0.450000 0.187500 0.447917 0.189062 0.447917 0.190625 0.445833 0.192188 0.445833 0.193750 0.443750 0.198437 0.443750 0.200000 0.441667 0.200000 0.439583 0.198437 0.437500 0.196875 0.437500 0.195312 0.435417 0.195312 0.433333 0.201563 0.425000 0.201563 0.422917 0.203125 0.420833 0.203125 0.418750 0.204687 0.416667 0.204687 0.414583 0.206250 0.412500 0.206250 0.406250
16 0.935937 0.375000 0.943750 0.375000 0.945312 0.377083 0.945312 0.387500 0.943750 0.389583 0.940625 0.389583 0.939063 0.391667 0.957812 0.391667 0.960938 0.387500 0.964063 0.387500 0.964063 0.385417 0.957812 0.385417 0.953125 0.379167 0.953125 0.377083 0.954688 0.375000 0.954688 0.372917 0.939063 0.372917 0.937500 0.375000 0.935937 0.375000
16 0.701562 0.458333 0.701562 0.462500 0.703125 0.464583 0.703125 0.468750 0.706250 0.468750 0.707812 0.466667 0.714063 0.466667 0.715625 0.464583 0.720313 0.464583 0.723437 0.468750 0.723437 0.470833 0.725000 0.472917 0.725000 0.475000 0.726562 0.477083 0.726562 0.479167 0.728125 0.481250 0.728125 0.483333 0.729688 0.485417 0.729688 0.487500 0.729688 0.479167 0.728125 0.477083 0.728125 0.462500 0.726562 0.460417 0.726562 0.454167 0.706250 0.454167 0.703125 0.458333 0.701562 0.458333
16 0.409375 0.300000 0.400000 0.287500 0.398438 0.287500 0.395313 0.283333 0.393750 0.283333 0.392188 0.281250 0.390625 0.281250 0.387500 0.277083 0.387500 0.275000 0.389062 0.272917 0.384375 0.272917 0.382812 0.275000 0.381250 0.275000 0.379688 0.277083 0.378125 0.277083 0.376563 0.279167 0.375000 0.279167 0.373437 0.281250 0.371875 0.281250 0.370312 0.283333 0.368750 0.283333 0.367188 0.285417 0.365625 0.285417 0.364063 0.287500 0.364063 0.289583 0.365625 0.291667 0.359375 0.300000 0.362500 0.300000 0.364063 0.297917 0.367188 0.297917 0.368750 0.295833 0.370312 0.295833 0.370312 0.293750 0.375000 0.287500 0.381250 0.287500 0.382812 0.289583 0.387500 0.289583 0.389062 0.291667 0.392188 0.291667 0.393750 0.293750 0.398438 0.293750 0.400000 0.295833 0.403125 0.295833 0.404687 0.297917 0.407813 0.297917 0.409375 0.300000
16 0.281250 0.397917 0.279687 0.395833 0.279687 0.391667 0.278125 0.391667 0.276562 0.393750 0.270313 0.393750 0.268750 0.391667 0.268750 0.385417 0.265625 0.385417 0.264062 0.383333 0.262500 0.385417 0.257812 0.385417 0.256250 0.387500 0.253125 0.387500 0.251563 0.389583 0.250000 0.389583 0.248438 0.391667 0.246875 0.391667 0.245312 0.393750 0.243750 0.393750 0.245312 0.395833 0.246875 0.393750 0.250000 0.393750 0.251563 0.391667 0.253125 0.391667 0.254688 0.389583 0.256250 0.391667 0.256250 0.393750 0.257812 0.395833 0.257812 0.400000 0.254688 0.404167 0.251563 0.404167 0.253125 0.406250 0.273438 0.406250 0.276562 0.402083 0.278125 0.402083 0.281250 0.397917
