1 0.801562 0.437931 0.792188 0.437931 0.790625 0.436207 0.773438 0.436207 0.771875 0.437931 0.760938 0.439655 0.750000 0.451724 0.750000 0.453448 0.740625 0.467241 0.739062 0.472414 0.735938 0.475862 0.735938 0.505172 0.734375 0.506897 0.734375 0.513793 0.732812 0.515517 0.732812 0.518966 0.729688 0.522414 0.723437 0.524138 0.712500 0.531034 0.710938 0.534483 0.710938 0.544828 0.700000 0.558621 0.718750 0.568966 0.737500 0.587931 0.739062 0.587931 0.742188 0.577586 0.748437 0.572414 0.748437 0.570690 0.753125 0.565517 0.757812 0.556897 0.757812 0.551724 0.759375 0.550000 0.760938 0.539655 0.764062 0.532759 0.764062 0.527586 0.765625 0.525862 0.765625 0.520690 0.767188 0.518966 0.767188 0.513793 0.768750 0.512069 0.768750 0.506897 0.770312 0.505172 0.770312 0.500000 0.771875 0.498276 0.771875 0.493103 0.773438 0.491379 0.775000 0.481034 0.790625 0.472414 0.801562 0.462069 0.809375 0.456897 0.807813 0.443103 0.801562 0.437931
1 0.290625 0.413793 0.265625 0.434483 0.257812 0.443103 0.256250 0.448276 0.246875 0.462069 0.234375 0.486207 0.220312 0.532759 0.221875 0.541379 0.225000 0.544828 0.251563 0.600000 0.318750 0.587931 0.325000 0.581034 0.345313 0.546552 0.345313 0.522414 0.346875 0.520690 0.346875 0.512069 0.332813 0.467241 0.317188 0.479310 0.310937 0.482759 0.309375 0.481034 0.309375 0.472414 0.307812 0.470690 0.307812 0.462069 0.306250 0.460345 0.306250 0.446552 0.304688 0.444828 0.304688 0.424138 0.290625 0.413793
1 0.929688 0.344828 0.901563 0.350000 0.887500 0.362069 0.892188 0.363793 0.885938 0.377586 0.881250 0.370690 0.865625 0.370690 0.834375 0.386207 0.839063 0.394828 0.831250 0.398276 0.826562 0.437931 0.817187 0.446552 0.815625 0.475862 0.828125 0.486207 0.831250 0.512069 0.823438 0.529310 0.818750 0.586207 0.804688 0.637931 0.817187 0.660345 0.842187 0.684483 0.856250 0.768966 0.876563 0.820690 0.871875 0.922414 0.879687 0.996552 0.910937 0.998276 0.918750 0.991379 0.910937 0.960345 0.912500 0.910345 0.940625 0.781034 0.970313 0.846552 0.987500 0.927586 0.987500 0.951724 0.968750 0.991379 0.993750 0.998276 0.990625 0.717241 0.996875 0.644828 0.993750 0.574138 0.998437 0.560345 0.990625 0.543103 0.965625 0.544828 0.973437 0.531034 0.962500 0.520690 0.948438 0.481034 0.959375 0.472414 0.950000 0.468966 0.953125 0.415517 0.946875 0.396552 0.951562 0.377586 0.942187 0.351724 0.929688 0.344828
1 0.342187 0.572414 0.337500 0.575862 0.334375 0.575862 0.332813 0.577586 0.329688 0.577586 0.312500 0.598276 0.310937 0.598276 0.306250 0.601724 0.303125 0.601724 0.295312 0.606897 0.292187 0.606897 0.290625 0.608621 0.285938 0.610345 0.279687 0.617241 0.278125 0.617241 0.259375 0.637931 0.259375 0.639655 0.257812 0.641379 0.257812 0.644828 0.256250 0.646552 0.256250 0.650000 0.254688 0.651724 0.254688 0.655172 0.253125 0.656897 0.253125 0.660345 0.251563 0.662069 0.251563 0.665517 0.250000 0.667241 0.250000 0.670690 0.251563 0.672414 0.251563 0.674138 0.257812 0.686207 0.303125 0.636207 0.304688 0.636207 0.337500 0.600000 0.337500 0.594828 0.339062 0.593103 0.339062 0.586207 0.340625 0.584483 0.340625 0.577586 0.342187 0.575862 0.342187 0.572414
1 0.190625 0.401724 0.189062 0.403448 0.189062 0.406897 0.187500 0.408621 0.187500 0.412069 0.185938 0.413793 0.185938 0.437931 0.184375 0.439655 0.184375 0.441379 0.179688 0.446552 0.179688 0.448276 0.173437 0.455172 0.173437 0.456897 0.170313 0.460345 0.170313 0.462069 0.176563 0.468966 0.210938 0.468966 0.220312 0.479310 0.223438 0.479310 0.226562 0.474138 0.226562 0.468966 0.228125 0.467241 0.228125 0.460345 0.226562 0.458621 0.226562 0.456897 0.225000 0.455172 0.225000 0.453448 0.223438 0.451724 0.223438 0.450000 0.221875 0.448276 0.221875 0.446552 0.218750 0.443103 0.218750 0.441379 0.215625 0.436207 0.215625 0.413793 0.214062 0.412069 0.214062 0.408621 0.212500 0.406897 0.212500 0.405172 0.210938 0.403448 0.210938 0.401724 0.190625 0.401724
1 0.707812 0.543103 0.707812 0.546552 0.709375 0.544828 0.707812 0.543103 0.367188 0.293103 0.345313 0.356897 0.275000 0.386207 0.259375 0.429310 0.264062 0.434483 0.290625 0.412069 0.306250 0.424138 0.306250 0.443103 0.342187 0.444828 0.340625 0.489655 0.348438 0.520690 0.337500 0.574138 0.343750 0.575862 0.339062 0.600000 0.268750 0.675862 0.215625 0.758621 0.209375 0.817241 0.200000 0.820690 0.185938 0.984483 0.837500 0.986207 0.857812 0.829310 0.859375 0.777586 0.851562 0.746552 0.743750 0.577586 0.737500 0.589655 0.700000 0.560345 0.703125 0.551724 0.689063 0.539655 0.687500 0.522414 0.664062 0.500000 0.643750 0.448276 0.634375 0.325862 0.584375 0.255172 0.514062 0.237931 0.462500 0.244828 0.367188 0.293103
1 0.171875 0.468966 0.151562 0.477586 0.150000 0.508621 0.146875 0.515517 0.140625 0.515517 0.140625 0.543103 0.145313 0.574138 0.135937 0.582759 0.131250 0.613793 0.120313 0.648276 0.131250 0.675862 0.135937 0.663793 0.137500 0.632759 0.153125 0.593103 0.154688 0.605172 0.150000 0.627586 0.150000 0.708621 0.157812 0.753448 0.160938 0.794828 0.187500 0.812069 0.207813 0.817241 0.218750 0.722414 0.220312 0.684483 0.223438 0.682759 0.232813 0.687931 0.242188 0.677586 0.248438 0.655172 0.248438 0.612069 0.245312 0.589655 0.218750 0.537931 0.220312 0.525862 0.210938 0.515517 0.218750 0.479310 0.210938 0.470690 0.171875 0.468966
1 0.664062 0.336207 0.654687 0.341379 0.651563 0.341379 0.646875 0.344828 0.643750 0.344828 0.643750 0.348276 0.645312 0.350000 0.645312 0.403448 0.646875 0.405172 0.646875 0.425862 0.648438 0.427586 0.648438 0.434483 0.650000 0.436207 0.651563 0.451724 0.653125 0.453448 0.654687 0.465517 0.656250 0.467241 0.656250 0.470690 0.659375 0.477586 0.659375 0.482759 0.665625 0.491379 0.667188 0.496552 0.670312 0.500000 0.673438 0.506897 0.681250 0.515517 0.681250 0.512069 0.682813 0.510345 0.682813 0.503448 0.684375 0.501724 0.684375 0.494828 0.685937 0.493103 0.685937 0.486207 0.687500 0.484483 0.687500 0.477586 0.689063 0.475862 0.689063 0.468966 0.690625 0.467241 0.690625 0.460345 0.692187 0.458621 0.692187 0.451724 0.693750 0.450000 0.693750 0.422414 0.692187 0.420690 0.692187 0.408621 0.690625 0.408621 0.687500 0.405172 0.685937 0.405172 0.682813 0.401724 0.676562 0.398276 0.671875 0.393103 0.671875 0.362069 0.670312 0.360345 0.670312 0.355172 0.668750 0.353448 0.667188 0.341379 0.665625 0.339655 0.665625 0.336207 0.664062 0.336207
1 0.118750 0.370690 0.117188 0.372414 0.109375 0.372414 0.110937 0.412069 0.112500 0.413793 0.109375 0.417241 0.090625 0.422414 0.087500 0.427586 0.085938 0.439655 0.092188 0.444828 0.096875 0.446552 0.109375 0.458621 0.109375 0.482759 0.110937 0.484483 0.112500 0.503448 0.114062 0.505172 0.114062 0.510345 0.117188 0.518966 0.117188 0.565517 0.126562 0.586207 0.129688 0.586207 0.143750 0.574138 0.142187 0.570690 0.142187 0.560345 0.140625 0.558621 0.140625 0.544828 0.139063 0.543103 0.139063 0.512069 0.140625 0.510345 0.140625 0.501724 0.142187 0.500000 0.142187 0.491379 0.143750 0.489655 0.143750 0.481034 0.145313 0.479310 0.146875 0.463793 0.154688 0.451724 0.157812 0.444828 0.159375 0.436207 0.153125 0.429310 0.150000 0.422414 0.143750 0.398276 0.137500 0.387931 0.134375 0.379310 0.126562 0.372414 0.118750 0.370690
1 0.698438 0.356897 0.689063 0.367241 0.690625 0.368966 0.690625 0.382759 0.692187 0.384483 0.690625 0.386207 0.676562 0.387931 0.675000 0.394828 0.693750 0.408621 0.693750 0.420690 0.695312 0.422414 0.695312 0.450000 0.693750 0.451724 0.693750 0.458621 0.692187 0.460345 0.692187 0.467241 0.690625 0.468966 0.690625 0.475862 0.689063 0.477586 0.689063 0.531034 0.690625 0.532759 0.690625 0.539655 0.698438 0.544828 0.703125 0.550000 0.706250 0.550000 0.707812 0.531034 0.709375 0.529310 0.709375 0.520690 0.710938 0.518966 0.710938 0.508621 0.712500 0.506897 0.712500 0.496552 0.714063 0.494828 0.714063 0.486207 0.715625 0.484483 0.715625 0.474138 0.717187 0.472414 0.717187 0.463793 0.718750 0.462069 0.728125 0.467241 0.737500 0.462069 0.735938 0.460345 0.735938 0.455172 0.734375 0.453448 0.734375 0.448276 0.732812 0.446552 0.732812 0.441379 0.731250 0.439655 0.731250 0.434483 0.729688 0.432759 0.729688 0.427586 0.728125 0.425862 0.728125 0.420690 0.726562 0.418966 0.723437 0.400000 0.710938 0.386207 0.710938 0.379310 0.712500 0.377586 0.710938 0.363793 0.707812 0.360345 0.701562 0.356897 0.698438 0.356897
1 0.039062 0.358621 0.023438 0.422414 0.028125 0.444828 0.012500 0.463793 0.003125 0.500000 0.000000 0.555172 0.001563 0.603448 0.025000 0.643103 0.025000 0.768966 0.034375 0.784483 0.035937 0.829310 0.059375 0.832759 0.059375 0.784483 0.071875 0.775862 0.082812 0.827586 0.092188 0.836207 0.098437 0.836207 0.100000 0.787931 0.110937 0.775862 0.114062 0.755172 0.107813 0.646552 0.109375 0.625862 0.120313 0.617241 0.125000 0.594828 0.115625 0.565517 0.107813 0.458621 0.081250 0.439655 0.085938 0.429310 0.087500 0.389655 0.070312 0.363793 0.039062 0.358621
77 0.467187 0.498276 0.467187 0.500000 0.462500 0.505172 0.460938 0.505172 0.459375 0.506897 0.457813 0.506897 0.456250 0.508621 0.456250 0.510345 0.459375 0.513793 0.460938 0.513793 0.468750 0.522414 0.470313 0.522414 0.476562 0.529310 0.478125 0.529310 0.484375 0.536207 0.484375 0.518966 0.482812 0.517241 0.482812 0.503448 0.481250 0.501724 0.476562 0.501724 0.475000 0.500000 0.470313 0.500000 0.468750 0.498276 0.467187 0.498276
77 0.990625 0.531034 0.989062 0.529310 0.985938 0.529310 0.984375 0.527586 0.979688 0.527586 0.978125 0.529310 0.976562 0.529310 0.975000 0.531034 0.975000 0.532759 0.973437 0.534483 0.973437 0.536207 0.970313 0.539655 0.970313 0.541379 0.967187 0.544828 0.984375 0.544828 0.985938 0.543103 0.987500 0.543103 0.989062 0.541379 0.990625 0.541379 0.990625 0.531034
