3 0.965625 0.561033 0.965625 0.575117 0.967187 0.575117 0.970313 0.579812 0.970313 0.582160 0.971875 0.584507 0.975000 0.584507 0.976562 0.582160 0.998437 0.582160 0.998437 0.563380 0.996875 0.563380 0.995313 0.561033 0.992188 0.561033 0.990625 0.558685 0.968750 0.558685 0.967187 0.561033 0.965625 0.561033
3 0.940625 0.516432 0.940625 0.518779 0.964063 0.518779 0.957812 0.509390 0.945312 0.509390 0.940625 0.516432
3 0.781250 0.516432 0.781250 0.518779 0.785937 0.525822 0.787500 0.523474 0.806250 0.523474 0.807813 0.521127 0.809375 0.521127 0.809375 0.518779 0.804688 0.518779 0.803125 0.516432 0.795312 0.516432 0.793750 0.514085 0.790625 0.514085 0.789062 0.516432 0.781250 0.516432
3 0.682813 0.521127 0.682813 0.525822 0.695312 0.525822 0.696875 0.528169 0.717187 0.528169 0.717187 0.521127 0.715625 0.518779 0.714063 0.518779 0.710938 0.514085 0.704688 0.514085 0.703125 0.511737 0.695312 0.511737 0.693750 0.514085 0.692187 0.514085 0.690625 0.516432 0.687500 0.516432 0.685937 0.518779 0.684375 0.518779 0.682813 0.521127
3 0.784375 0.528169 0.782813 0.525822 0.782813 0.523474 0.781250 0.523474 0.778125 0.518779 0.776563 0.518779 0.775000 0.516432 0.770312 0.516432 0.768750 0.518779 0.759375 0.518779 0.748437 0.535211 0.748437 0.539906 0.750000 0.539906 0.751563 0.542254 0.762500 0.542254 0.764062 0.544601 0.770312 0.544601 0.775000 0.537559 0.776563 0.537559 0.779687 0.532864 0.781250 0.532864 0.784375 0.528169
3 0.606250 0.476526 0.607812 0.478873 0.607812 0.476526 0.606250 0.476526 0.615625 0.478873 0.617188 0.478873 0.618750 0.476526 0.629687 0.476526 0.628125 0.476526 0.626563 0.474178 0.625000 0.474178 0.623437 0.471831 0.617188 0.471831 0.617188 0.474178 0.615625 0.476526 0.615625 0.478873
3 0.573438 0.464789 0.560937 0.464789 0.559375 0.467136 0.550000 0.467136 0.546875 0.471831 0.545312 0.471831 0.545312 0.474178 0.564063 0.474178 0.564063 0.471831 0.565625 0.469484 0.571875 0.469484 0.573438 0.467136 0.573438 0.464789
3 0.853125 0.537559 0.851562 0.535211 0.851562 0.532864 0.850000 0.530516 0.850000 0.528169 0.848437 0.525822 0.848437 0.523474 0.839063 0.523474 0.837500 0.525822 0.820312 0.525822 0.818750 0.528169 0.818750 0.530516 0.817187 0.532864 0.817187 0.542254 0.835938 0.542254 0.839063 0.546948 0.839063 0.549296 0.843750 0.549296 0.846875 0.544601 0.851562 0.544601 0.851562 0.542254 0.853125 0.539906 0.853125 0.537559
3 0.917188 0.556338 0.917188 0.570423 0.918750 0.570423 0.921875 0.565728 0.923438 0.568075 0.928125 0.568075 0.931250 0.572770 0.931250 0.575117 0.932813 0.572770 0.935937 0.572770 0.937500 0.570423 0.950000 0.570423 0.953125 0.575117 0.956250 0.570423 0.956250 0.563380 0.946875 0.549296 0.946875 0.546948 0.945312 0.544601 0.932813 0.544601 0.931250 0.542254 0.928125 0.542254 0.926562 0.544601 0.925000 0.544601 0.917188 0.556338
3 0.771875 0.511737 0.770312 0.511737 0.768750 0.509390 0.748437 0.509390 0.742188 0.518779 0.740625 0.518779 0.737500 0.523474 0.735938 0.523474 0.734375 0.525822 0.732812 0.525822 0.732812 0.532864 0.731250 0.535211 0.732812 0.537559 0.734375 0.537559 0.735938 0.539906 0.737500 0.537559 0.737500 0.535211 0.739062 0.532864 0.748437 0.532864 0.754687 0.523474 0.754687 0.521127 0.757812 0.516432 0.765625 0.516432 0.767188 0.514085 0.771875 0.514085 0.771875 0.511737
3 0.746875 0.509390 0.734375 0.509390 0.732812 0.511737 0.731250 0.511737 0.731250 0.514085 0.725000 0.523474 0.721875 0.523474 0.720313 0.525822 0.720313 0.535211 0.729688 0.535211 0.729688 0.530516 0.731250 0.528169 0.731250 0.525822 0.732812 0.523474 0.734375 0.523474 0.735938 0.521127 0.737500 0.521127 0.743750 0.511737 0.745313 0.511737 0.746875 0.509390
3 0.776563 0.539906 0.776563 0.544601 0.778125 0.546948 0.784375 0.546948 0.785937 0.549296 0.803125 0.549296 0.804688 0.546948 0.810937 0.546948 0.810937 0.544601 0.812500 0.542254 0.812500 0.535211 0.810937 0.532864 0.810937 0.528169 0.809375 0.525822 0.789062 0.525822 0.787500 0.528169 0.785937 0.528169 0.781250 0.535211 0.779687 0.535211 0.776563 0.539906
7 0.075000 0.441315 0.081250 0.467136 0.506250 0.572770 0.770312 0.713615 0.828125 0.678404 0.806250 0.556338 0.751563 0.544601 0.740625 0.535211 0.735938 0.542254 0.720313 0.537559 0.718750 0.528169 0.682813 0.528169 0.681250 0.516432 0.257812 0.448357 0.118750 0.436620 0.075000 0.441315
8 0.565625 0.471831 0.565625 0.474178 0.573438 0.474178 0.575000 0.476526 0.601562 0.476526 0.603125 0.474178 0.603125 0.462441 0.581250 0.462441 0.579688 0.464789 0.578125 0.464789 0.573438 0.471831 0.565625 0.471831
8 0.525000 0.455399 0.523438 0.455399 0.523438 0.457746 0.521875 0.460094 0.521875 0.469484 0.520312 0.471831 0.525000 0.471831 0.525000 0.455399 0.528125 0.453052 0.528125 0.469484 0.529687 0.471831 0.534375 0.471831 0.535937 0.474178 0.543750 0.474178 0.543750 0.471831 0.545312 0.469484 0.546875 0.469484 0.550000 0.464789 0.553125 0.464789 0.550000 0.460094 0.550000 0.457746 0.546875 0.453052 0.528125 0.453052
