1 0.002083 0.582812 0.004167 0.710938 0.002083 0.712500 0.000000 0.831250 0.002083 0.839063 0.016667 0.845313 0.025000 0.871875 0.041667 0.878125 0.072917 0.898438 0.081250 0.895312 0.089583 0.879687 0.089583 0.868750 0.072917 0.850000 0.072917 0.839063 0.070833 0.840625 0.066667 0.839063 0.064583 0.793750 0.070833 0.745313 0.068750 0.706250 0.045833 0.679688 0.010417 0.646875 0.012500 0.609375 0.008333 0.590625 0.002083 0.582812
1 0.497917 0.010937 0.395833 0.029687 0.385417 0.075000 0.389583 0.142187 0.414583 0.162500 0.450000 0.160938 0.354167 0.304688 0.345833 0.360938 0.360417 0.371875 0.337500 0.423438 0.325000 0.425000 0.310417 0.468750 0.277083 0.507812 0.322917 0.501563 0.356250 0.509375 0.356250 0.564063 0.383333 0.653125 0.377083 0.660937 0.412500 0.785937 0.431250 0.803125 0.429167 0.864062 0.345833 0.948438 0.358333 0.954688 0.506250 0.918750 0.518750 0.925000 0.497917 0.987500 0.560417 0.984375 0.604167 0.948438 0.616667 0.875000 0.618750 0.656250 0.633333 0.585938 0.670833 0.501563 0.654167 0.423438 0.679167 0.406250 0.691667 0.289062 0.614583 0.178125 0.577083 0.171875 0.535417 0.143750 0.570833 0.096875 0.568750 0.054688 0.541667 0.026562 0.497917 0.010937
1 0.850000 0.635938 0.829167 0.651563 0.825000 0.671875 0.835417 0.684375 0.856250 0.700000 0.935417 0.709375 0.970833 0.720313 0.970833 0.751563 0.981250 0.760938 0.985417 0.768750 0.989583 0.785937 0.989583 0.812500 0.981250 0.826562 0.927083 0.864062 0.937500 0.885938 0.975000 0.884375 0.997917 0.856250 0.997917 0.640625 0.983333 0.640625 0.939583 0.651563 0.850000 0.635938 0.977083 0.528125 0.975000 0.529687 0.975000 0.534375 0.972917 0.535937 0.972917 0.540625 0.970833 0.542188 0.970833 0.556250 0.972917 0.557813 0.975000 0.557813 0.979167 0.560937 0.997917 0.560937 0.997917 0.557813 0.995833 0.556250 0.995833 0.551562 0.993750 0.550000 0.993750 0.545312 0.991667 0.543750 0.991667 0.539062 0.989583 0.537500 0.989583 0.532813 0.987500 0.531250 0.987500 0.528125 0.977083 0.528125
1 0.760417 0.410938 0.733333 0.415625 0.706250 0.428125 0.700000 0.481250 0.668750 0.504687 0.625000 0.639062 0.625000 0.804688 0.616667 0.809375 0.645833 0.809375 0.702083 0.684375 0.710417 0.679688 0.795833 0.657813 0.795833 0.646875 0.837500 0.515625 0.814583 0.482812 0.787500 0.464062 0.783333 0.440625 0.760417 0.410938
1 0.127083 0.412500 0.083333 0.434375 0.077083 0.454688 0.085417 0.475000 0.077083 0.481250 0.087500 0.487500 0.006250 0.528125 0.004167 0.584375 0.014583 0.609375 0.012500 0.646875 0.068750 0.703125 0.091667 0.751563 0.102083 0.753125 0.110417 0.801562 0.120833 0.815625 0.114583 0.820312 0.116667 0.835938 0.150000 0.873437 0.143750 0.889062 0.162500 0.931250 0.191667 0.954688 0.202083 0.954688 0.214583 0.946875 0.216667 0.934375 0.260417 0.925000 0.220833 0.890625 0.197917 0.846875 0.193750 0.795312 0.181250 0.796875 0.187500 0.750000 0.195833 0.737500 0.220833 0.721875 0.277083 0.732812 0.300000 0.756250 0.308333 0.776563 0.377083 0.809375 0.347917 0.821875 0.364583 0.853125 0.391667 0.859375 0.420833 0.857812 0.429167 0.835938 0.429167 0.803125 0.381250 0.765625 0.379167 0.739062 0.356250 0.700000 0.327083 0.668750 0.316667 0.668750 0.254167 0.631250 0.233333 0.548438 0.214583 0.526563 0.175000 0.500000 0.187500 0.445312 0.183333 0.425000 0.127083 0.412500
31 0.737500 0.735938 0.731250 0.740625 0.731250 0.743750 0.729167 0.745313 0.729167 0.754687 0.722917 0.762500 0.722917 0.765625 0.716667 0.775000 0.716667 0.782813 0.718750 0.784375 0.718750 0.810937 0.725000 0.820312 0.725000 0.829688 0.727083 0.831250 0.727083 0.834375 0.741667 0.846875 0.793750 0.846875 0.795833 0.845313 0.810417 0.845313 0.812500 0.843750 0.827083 0.843750 0.829167 0.842187 0.837500 0.842187 0.839583 0.828125 0.850000 0.818750 0.850000 0.789062 0.847917 0.787500 0.845833 0.773438 0.841667 0.770312 0.835417 0.760938 0.825000 0.756250 0.820833 0.756250 0.812500 0.753125 0.806250 0.753125 0.804167 0.751563 0.800000 0.751563 0.779167 0.743750 0.762500 0.734375 0.747917 0.734375 0.745833 0.735938 0.737500 0.735938
44 0.102083 0.865625 0.095833 0.868750 0.091667 0.868750 0.091667 0.879687 0.087500 0.884375 0.087500 0.887500 0.085417 0.889062 0.085417 0.892188 0.083333 0.893750 0.083333 0.896875 0.081250 0.898438 0.081250 0.907813 0.079167 0.909375 0.079167 0.918750 0.077083 0.920312 0.077083 0.931250 0.075000 0.932813 0.075000 0.934375 0.081250 0.935937 0.087500 0.940625 0.087500 0.942187 0.089583 0.943750 0.089583 0.951562 0.087500 0.953125 0.087500 0.956250 0.085417 0.957812 0.085417 0.968750 0.083333 0.970313 0.083333 0.975000 0.085417 0.976562 0.085417 0.982812 0.087500 0.984375 0.087500 0.990625 0.089583 0.992188 0.089583 0.995313 0.091667 0.995313 0.093750 0.996875 0.104167 0.996875 0.106250 0.998437 0.116667 0.998437 0.118750 0.996875 0.127083 0.996875 0.127083 0.995313 0.131250 0.990625 0.133333 0.982812 0.135417 0.981250 0.135417 0.901563 0.133333 0.900000 0.133333 0.895312 0.131250 0.893750 0.131250 0.892188 0.127083 0.889062 0.125000 0.889062 0.112500 0.879687 0.112500 0.871875 0.110417 0.870313 0.110417 0.868750 0.108333 0.868750 0.104167 0.865625 0.102083 0.865625
47 0.081250 0.937500 0.079167 0.937500 0.077083 0.935937 0.075000 0.935937 0.070833 0.932813 0.056250 0.932813 0.054167 0.931250 0.052083 0.931250 0.050000 0.932813 0.037500 0.932813 0.035417 0.934375 0.027083 0.934375 0.025000 0.935937 0.022917 0.935937 0.020833 0.937500 0.018750 0.937500 0.016667 0.939063 0.014583 0.939063 0.012500 0.940625 0.010417 0.940625 0.006250 0.943750 0.004167 0.943750 0.000000 0.946875 0.000000 0.965625 0.002083 0.967187 0.002083 0.968750 0.006250 0.971875 0.006250 0.975000 0.008333 0.976562 0.008333 0.982812 0.010417 0.984375 0.010417 0.992188 0.012500 0.993750 0.012500 0.998437 0.079167 0.998437 0.079167 0.985938 0.081250 0.984375 0.081250 0.959375 0.083333 0.957812 0.083333 0.954688 0.085417 0.953125 0.085417 0.950000 0.087500 0.948438 0.087500 0.943750 0.085417 0.942187 0.085417 0.940625 0.081250 0.937500
47 0.216667 0.935937 0.216667 0.951562 0.218750 0.953125 0.218750 0.967187 0.220833 0.968750 0.220833 0.970313 0.225000 0.975000 0.225000 0.978125 0.229167 0.982812 0.229167 0.985938 0.231250 0.987500 0.231250 0.989062 0.235417 0.993750 0.237500 0.993750 0.239583 0.995313 0.243750 0.995313 0.250000 0.998437 0.256250 0.998437 0.258333 0.996875 0.268750 0.996875 0.270833 0.995313 0.279167 0.995313 0.281250 0.993750 0.291667 0.993750 0.293750 0.992188 0.300000 0.992188 0.302083 0.990625 0.310417 0.990625 0.312500 0.989062 0.314583 0.989062 0.314583 0.987500 0.316667 0.985938 0.316667 0.975000 0.318750 0.973437 0.318750 0.957812 0.316667 0.956250 0.316667 0.953125 0.314583 0.951562 0.314583 0.946875 0.312500 0.945312 0.312500 0.942187 0.310417 0.940625 0.310417 0.937500 0.308333 0.935937 0.308333 0.931250 0.306250 0.929688 0.260417 0.929688 0.258333 0.931250 0.231250 0.931250 0.229167 0.932813 0.225000 0.932813 0.222917 0.934375 0.216667 0.935937
63 0.791667 0.418750 0.804167 0.471875 0.839583 0.515625 0.797917 0.657813 0.704167 0.684375 0.650000 0.801562 0.704167 0.810937 0.722917 0.737500 0.762500 0.732812 0.800000 0.750000 0.854167 0.762500 0.847917 0.775000 0.852083 0.818750 0.841667 0.831250 0.943750 0.851562 0.979167 0.826562 0.987500 0.812500 0.979167 0.762500 0.968750 0.751563 0.968750 0.720313 0.935417 0.710938 0.856250 0.701562 0.822917 0.671875 0.825000 0.659375 0.814583 0.654687 0.881250 0.612500 0.856250 0.589063 0.966667 0.560937 0.977083 0.526563 0.987500 0.526563 0.997917 0.540625 0.991667 0.432812 0.881250 0.431250 0.791667 0.418750 0.704167 0.392188 0.697917 0.396875 0.695833 0.396875 0.681250 0.407813 0.679167 0.407813 0.664583 0.418750 0.662500 0.418750 0.656250 0.423438 0.656250 0.426563 0.658333 0.428125 0.658333 0.440625 0.660417 0.442188 0.660417 0.454688 0.662500 0.456250 0.662500 0.468750 0.664583 0.470313 0.664583 0.482812 0.668750 0.482812 0.670833 0.481250 0.685417 0.481250 0.687500 0.479687 0.697917 0.479687 0.697917 0.468750 0.700000 0.467187 0.700000 0.450000 0.702083 0.448437 0.702083 0.431250 0.704167 0.429688 0.704167 0.428125 0.708333 0.425000 0.710417 0.425000 0.714583 0.421875 0.716667 0.421875 0.718750 0.420312 0.720833 0.420312 0.720833 0.418750 0.722917 0.417187 0.722917 0.412500 0.720833 0.410938 0.720833 0.409375 0.716667 0.406250 0.716667 0.404687 0.710417 0.400000 0.710417 0.398438 0.706250 0.395313 0.706250 0.393750 0.704167 0.392188
63 0.081250 0.751563 0.079167 0.751563 0.079167 0.756250 0.077083 0.757812 0.077083 0.762500 0.075000 0.764062 0.075000 0.770312 0.072917 0.771875 0.072917 0.778125 0.070833 0.779687 0.070833 0.784375 0.068750 0.785937 0.068750 0.792188 0.066667 0.793750 0.066667 0.818750 0.068750 0.820312 0.068750 0.839063 0.070833 0.839063 0.072917 0.837500 0.075000 0.837500 0.077083 0.835938 0.079167 0.835938 0.083333 0.832812 0.085417 0.832812 0.087500 0.831250 0.089583 0.831250 0.093750 0.828125 0.095833 0.828125 0.097917 0.826562 0.100000 0.826562 0.102083 0.825000 0.104167 0.825000 0.108333 0.821875 0.110417 0.821875 0.116667 0.817187 0.118750 0.817187 0.118750 0.815625 0.114583 0.812500 0.114583 0.810937 0.112500 0.809375 0.112500 0.807813 0.110417 0.806250 0.110417 0.804688 0.106250 0.801562 0.106250 0.800000 0.104167 0.798438 0.104167 0.789062 0.102083 0.787500 0.102083 0.770312 0.104167 0.768750 0.104167 0.767188 0.100000 0.764062 0.097917 0.764062 0.081250 0.751563 0.285417 0.750000 0.283333 0.750000 0.279167 0.746875 0.277083 0.746875 0.272917 0.743750 0.270833 0.743750 0.266667 0.740625 0.264583 0.740625 0.262500 0.739062 0.260417 0.739062 0.256250 0.735938 0.254167 0.735938 0.250000 0.732812 0.247917 0.732812 0.245833 0.731250 0.233333 0.731250 0.231250 0.732812 0.218750 0.732812 0.216667 0.734375 0.212500 0.734375 0.206250 0.737500 0.202083 0.737500 0.200000 0.739062 0.195833 0.739062 0.195833 0.742188 0.193750 0.743750 0.193750 0.751563 0.191667 0.753125 0.191667 0.762500 0.189583 0.764062 0.189583 0.773438 0.187500 0.775000 0.187500 0.782813 0.185417 0.784375 0.185417 0.793750 0.183333 0.795312 0.183333 0.796875 0.185417 0.795312 0.189583 0.795312 0.195833 0.792188 0.200000 0.792188 0.202083 0.790625 0.204167 0.790625 0.206250 0.789062 0.208333 0.789062 0.210417 0.787500 0.212500 0.787500 0.214583 0.785937 0.216667 0.785937 0.218750 0.784375 0.220833 0.784375 0.222917 0.782813 0.225000 0.782813 0.227083 0.781250 0.229167 0.781250 0.233333 0.778125 0.235417 0.778125 0.239583 0.775000 0.241667 0.775000 0.245833 0.771875 0.247917 0.771875 0.262500 0.760938 0.264583 0.760938 0.268750 0.757812 0.270833 0.757812 0.275000 0.754687 0.277083 0.754687 0.281250 0.751563 0.283333 0.751563 0.285417 0.750000 0.247917 0.545312 0.245833 0.546875 0.245833 0.553125 0.243750 0.554688 0.243750 0.556250 0.245833 0.557813 0.245833 0.560937 0.247917 0.562500 0.247917 0.565625 0.252083 0.570312 0.252083 0.573438 0.256250 0.578125 0.256250 0.581250 0.258333 0.582812 0.258333 0.585938 0.262500 0.590625 0.262500 0.593750 0.264583 0.595313 0.264583 0.598437 0.266667 0.600000 0.266667 0.625000 0.268750 0.626563 0.270833 0.626563 0.279167 0.632812 0.281250 0.632812 0.283333 0.634375 0.289583 0.634375 0.291667 0.635938 0.291667 0.631250 0.293750 0.629687 0.293750 0.603125 0.291667 0.601562 0.291667 0.587500 0.293750 0.585938 0.293750 0.571875 0.287500 0.567187 0.287500 0.565625 0.281250 0.560937 0.281250 0.559375 0.277083 0.556250 0.275000 0.556250 0.258333 0.543750 0.256250 0.543750 0.254167 0.545312 0.247917 0.545312 0.060417 0.440625 0.052083 0.440625 0.050000 0.439063 0.043750 0.439063 0.041667 0.437500 0.035417 0.437500 0.033333 0.435937 0.027083 0.435937 0.025000 0.434375 0.018750 0.434375 0.016667 0.435937 0.006250 0.435937 0.004167 0.437500 0.002083 0.437500 0.002083 0.504687 0.000000 0.506250 0.000000 0.529687 0.000000 0.528125 0.006250 0.523438 0.006250 0.521875 0.018750 0.512500 0.020833 0.512500 0.027083 0.507812 0.029167 0.507812 0.037500 0.501563 0.039583 0.501563 0.047917 0.495312 0.050000 0.495312 0.058333 0.489063 0.060417 0.489063 0.068750 0.482812 0.070833 0.482812 0.077083 0.478125 0.079167 0.478125 0.083333 0.475000 0.083333 0.467187 0.081250 0.465625 0.081250 0.462500 0.079167 0.460938 0.079167 0.457813 0.075000 0.454688 0.075000 0.453125 0.070833 0.450000 0.070833 0.448437 0.060417 0.440625
64 0.364583 0.112500 0.358333 0.117188 0.358333 0.131250 0.372917 0.164062 0.316667 0.178125 0.279167 0.196875 0.260417 0.221875 0.258333 0.235937 0.275000 0.248438 0.304167 0.231250 0.325000 0.206250 0.347917 0.200000 0.354167 0.201563 0.352083 0.228125 0.322917 0.242188 0.318750 0.256250 0.272917 0.284375 0.270833 0.310937 0.231250 0.328125 0.212500 0.351562 0.191667 0.362500 0.189583 0.396875 0.200000 0.421875 0.206250 0.417187 0.272917 0.415625 0.283333 0.368750 0.293750 0.359375 0.316667 0.365625 0.316667 0.400000 0.327083 0.423438 0.335417 0.423438 0.358333 0.367188 0.347917 0.364063 0.329167 0.350000 0.322917 0.332813 0.362500 0.268750 0.379167 0.226562 0.416667 0.184375 0.414583 0.173437 0.391667 0.151562 0.364583 0.112500
64 0.281250 0.546875 0.281250 0.548438 0.297917 0.562500 0.297917 0.571875 0.295833 0.573438 0.295833 0.634375 0.320833 0.656250 0.347917 0.656250 0.350000 0.657813 0.379167 0.657813 0.381250 0.659375 0.381250 0.653125 0.379167 0.651563 0.379167 0.643750 0.377083 0.642188 0.377083 0.634375 0.375000 0.632812 0.375000 0.625000 0.372917 0.623437 0.372917 0.615625 0.370833 0.614062 0.370833 0.606250 0.368750 0.604688 0.368750 0.596875 0.366667 0.595313 0.366667 0.587500 0.364583 0.585938 0.364583 0.578125 0.362500 0.576562 0.362500 0.568750 0.358333 0.565625 0.356250 0.565625 0.347917 0.560937 0.341667 0.560937 0.339583 0.559375 0.335417 0.559375 0.333333 0.557813 0.327083 0.557813 0.325000 0.556250 0.320833 0.556250 0.318750 0.554688 0.304167 0.553125 0.302083 0.551562 0.297917 0.551562 0.295833 0.550000 0.289583 0.550000 0.287500 0.548438 0.283333 0.548438 0.281250 0.546875
75 0.333333 0.509375 0.331250 0.507812 0.329167 0.507812 0.322917 0.503125 0.316667 0.503125 0.314583 0.504687 0.308333 0.504687 0.306250 0.506250 0.300000 0.506250 0.297917 0.507812 0.293750 0.507812 0.291667 0.509375 0.291667 0.510938 0.281250 0.518750 0.275000 0.518750 0.270833 0.515625 0.270833 0.514062 0.268750 0.515625 0.264583 0.515625 0.262500 0.517188 0.258333 0.517188 0.256250 0.518750 0.250000 0.518750 0.245833 0.521875 0.245833 0.523438 0.243750 0.525000 0.245833 0.526563 0.245833 0.529687 0.247917 0.531250 0.250000 0.531250 0.252083 0.532813 0.254167 0.532813 0.258333 0.535937 0.260417 0.534375 0.262500 0.534375 0.264583 0.532813 0.266667 0.532813 0.268750 0.531250 0.270833 0.531250 0.272917 0.529687 0.275000 0.531250 0.285417 0.531250 0.287500 0.529687 0.289583 0.529687 0.300000 0.521875 0.302083 0.521875 0.304167 0.520312 0.308333 0.520312 0.310417 0.521875 0.312500 0.520312 0.312500 0.518750 0.314583 0.517188 0.314583 0.515625 0.318750 0.512500 0.325000 0.512500 0.327083 0.514062 0.333333 0.514062 0.333333 0.509375
