1 0.181250 0.524631 0.157812 0.512315 0.153125 0.514778 0.142187 0.529557 0.132812 0.559113 0.075000 0.640394 0.056250 0.711823 0.075000 0.724138 0.079687 0.748768 0.071875 0.758621 0.054688 0.820197 0.057813 0.862069 0.073438 0.869458 0.096875 0.852217 0.093750 0.834975 0.109375 0.751232 0.114062 0.746305 0.135937 0.758621 0.148438 0.817734 0.148438 0.879310 0.181250 0.884236 0.195312 0.876847 0.193750 0.854680 0.176563 0.847291 0.173437 0.827586 0.171875 0.763547 0.157812 0.709360 0.157812 0.677340 0.168750 0.623153 0.181250 0.591133 0.187500 0.556650 0.187500 0.546798 0.181250 0.524631
1 0.364063 0.724138 0.365625 0.724138 0.367188 0.726601 0.368750 0.726601 0.367188 0.726601 0.365625 0.724138 0.364063 0.724138 0.276562 0.603448 0.260937 0.603448 0.256250 0.608374 0.251563 0.608374 0.243750 0.625616 0.243750 0.650246 0.229687 0.665025 0.206250 0.682266 0.187500 0.709360 0.175000 0.770936 0.179688 0.802956 0.196875 0.822660 0.189062 0.834975 0.196875 0.859606 0.201563 0.866995 0.215625 0.862069 0.240625 0.871921 0.257812 0.874384 0.265625 0.862069 0.260937 0.862069 0.248438 0.852217 0.246875 0.847291 0.259375 0.827586 0.281250 0.802956 0.287500 0.793103 0.293750 0.773399 0.293750 0.758621 0.279687 0.746305 0.251563 0.746305 0.250000 0.743842 0.275000 0.704433 0.331250 0.706897 0.332813 0.709360 0.340625 0.709360 0.342187 0.704433 0.343750 0.706897 0.342187 0.694581 0.282813 0.679803 0.281250 0.674877 0.285938 0.660099 0.282813 0.645320 0.285938 0.635468 0.285938 0.620690 0.276562 0.603448
1 0.367188 0.729064 0.359375 0.721675 0.356250 0.721675 0.354687 0.719212 0.353125 0.719212 0.351562 0.716749 0.346875 0.714286 0.345313 0.711823 0.345313 0.709360 0.343750 0.709360 0.342187 0.706897 0.342187 0.711823 0.339062 0.719212 0.339062 0.724138 0.337500 0.726601 0.337500 0.731527 0.335938 0.733990 0.335938 0.738916 0.334375 0.741379 0.334375 0.746305 0.332813 0.748768 0.332813 0.751232 0.329688 0.756158 0.328125 0.756158 0.323437 0.763547 0.321875 0.770936 0.318750 0.775862 0.317188 0.775862 0.314063 0.780788 0.309375 0.783251 0.306250 0.788177 0.304688 0.788177 0.296875 0.798030 0.296875 0.800493 0.292187 0.807882 0.292187 0.810345 0.282813 0.825123 0.282813 0.830049 0.284375 0.832512 0.284375 0.834975 0.285938 0.834975 0.287500 0.837438 0.314063 0.837438 0.314063 0.827586 0.312500 0.827586 0.306250 0.817734 0.306250 0.815271 0.309375 0.810345 0.310937 0.810345 0.315625 0.802956 0.317188 0.802956 0.321875 0.795567 0.323437 0.795567 0.329688 0.785714 0.331250 0.785714 0.335938 0.778325 0.337500 0.778325 0.351562 0.758621 0.353125 0.758621 0.353125 0.756158 0.357812 0.748768 0.357812 0.746305 0.364063 0.736453 0.364063 0.733990 0.367188 0.729064 0.403125 0.517241 0.393750 0.522167 0.382812 0.536946 0.384375 0.568966 0.381250 0.573892 0.359375 0.573892 0.382812 0.608374 0.379688 0.613300 0.354687 0.591133 0.339062 0.650246 0.337500 0.669951 0.339062 0.682266 0.342187 0.687192 0.348438 0.677340 0.373437 0.674877 0.379688 0.684729 0.378125 0.711823 0.375000 0.724138 0.390625 0.733990 0.401562 0.758621 0.404687 0.775862 0.404687 0.812808 0.407813 0.827586 0.434375 0.832512 0.442188 0.822660 0.423438 0.805419 0.426563 0.726601 0.390625 0.672414 0.390625 0.657635 0.398438 0.637931 0.398438 0.633005 0.390625 0.625616 0.392188 0.620690 0.395313 0.620690 0.420312 0.650246 0.417187 0.655172 0.401562 0.637931 0.409375 0.660099 0.417187 0.669951 0.428125 0.667488 0.425000 0.665025 0.428125 0.660099 0.432812 0.660099 0.425000 0.645320 0.426563 0.630542 0.414062 0.583744 0.414062 0.568966 0.423438 0.556650 0.426563 0.546798 0.420312 0.539409 0.414062 0.522167 0.403125 0.517241
1 0.351562 0.487685 0.340625 0.487685 0.337500 0.492611 0.337500 0.512315 0.335938 0.514778 0.334375 0.514778 0.329688 0.524631 0.329688 0.534483 0.332813 0.541872 0.332813 0.571429 0.334375 0.573892 0.334375 0.581281 0.335938 0.583744 0.335938 0.588670 0.331250 0.598522 0.331250 0.610837 0.332813 0.613300 0.334375 0.625616 0.332813 0.628079 0.331250 0.640394 0.328125 0.645320 0.328125 0.652709 0.326562 0.655172 0.328125 0.655172 0.329688 0.657635 0.334375 0.657635 0.335938 0.655172 0.335938 0.652709 0.337500 0.650246 0.337500 0.635468 0.345313 0.623153 0.345313 0.615764 0.346875 0.613300 0.346875 0.605911 0.348438 0.603448 0.350000 0.596059 0.353125 0.591133 0.351562 0.588670 0.350000 0.588670 0.334375 0.564039 0.339062 0.554187 0.340625 0.556650 0.342187 0.556650 0.346875 0.564039 0.348438 0.564039 0.351562 0.568966 0.353125 0.568966 0.357812 0.576355 0.357812 0.573892 0.359375 0.571429 0.359375 0.559113 0.357812 0.556650 0.357812 0.546798 0.365625 0.536946 0.364063 0.534483 0.364063 0.527094 0.357812 0.517241 0.354687 0.504926 0.351562 0.500000 0.351562 0.487685
1 0.879687 0.534483 0.879687 0.536946 0.878125 0.539409 0.878125 0.551724 0.876563 0.554187 0.871875 0.556650 0.868750 0.564039 0.868750 0.573892 0.867188 0.576355 0.867188 0.578818 0.868750 0.578818 0.870313 0.581281 0.870313 0.586207 0.871875 0.588670 0.871875 0.596059 0.867188 0.603448 0.865625 0.603448 0.865625 0.610837 0.864062 0.613300 0.864062 0.618227 0.862500 0.620690 0.862500 0.625616 0.860938 0.628079 0.860938 0.633005 0.859375 0.635468 0.859375 0.642857 0.854688 0.647783 0.856250 0.647783 0.857812 0.650246 0.864062 0.650246 0.864062 0.645320 0.865625 0.642857 0.865625 0.630542 0.867188 0.628079 0.870313 0.615764 0.878125 0.605911 0.879687 0.605911 0.887500 0.598522 0.889062 0.600985 0.889062 0.603448 0.887500 0.605911 0.887500 0.620690 0.889062 0.620690 0.890625 0.623153 0.892188 0.620690 0.892188 0.613300 0.895312 0.605911 0.896875 0.608374 0.896875 0.610837 0.901563 0.618227 0.901563 0.620690 0.903125 0.623153 0.906250 0.635468 0.909375 0.640394 0.909375 0.642857 0.915625 0.650246 0.920312 0.650246 0.917188 0.637931 0.914062 0.633005 0.914062 0.630542 0.910937 0.625616 0.910937 0.623153 0.906250 0.615764 0.906250 0.613300 0.903125 0.605911 0.903125 0.600985 0.901563 0.598522 0.901563 0.596059 0.900000 0.593596 0.900000 0.588670 0.898438 0.586207 0.898438 0.576355 0.896875 0.573892 0.896875 0.564039 0.895312 0.561576 0.893750 0.561576 0.887500 0.551724 0.887500 0.544335 0.885938 0.541872 0.884375 0.534483 0.879687 0.534483
1 0.353125 0.448276 0.351562 0.450739 0.351562 0.453202 0.350000 0.455665 0.351562 0.458128 0.351562 0.465517 0.354687 0.465517 0.354687 0.458128 0.356250 0.455665 0.354687 0.453202 0.354687 0.450739 0.353125 0.448276
37 0.673438 0.628079 0.673438 0.630542 0.675000 0.633005 0.675000 0.635468 0.676562 0.637931 0.681250 0.637931 0.682813 0.635468 0.684375 0.635468 0.684375 0.625616 0.682813 0.623153 0.676562 0.623153 0.673438 0.628079
39 0.426563 0.665025 0.429688 0.665025 0.431250 0.667488 0.432812 0.665025 0.431250 0.662562 0.428125 0.662562 0.426563 0.665025 0.392188 0.623153 0.392188 0.625616 0.393750 0.625616 0.396875 0.630542 0.398438 0.630542 0.403125 0.637931 0.404687 0.637931 0.407813 0.642857 0.409375 0.642857 0.412500 0.647783 0.414062 0.647783 0.417187 0.652709 0.418750 0.652709 0.418750 0.650246 0.415625 0.645320 0.414062 0.645320 0.410938 0.640394 0.409375 0.640394 0.406250 0.635468 0.404687 0.635468 0.400000 0.628079 0.398438 0.628079 0.395313 0.623153 0.392188 0.623153 0.337500 0.559113 0.337500 0.561576 0.335938 0.564039 0.350000 0.586207 0.351562 0.586207 0.353125 0.588670 0.354687 0.588670 0.356250 0.591133 0.357812 0.591133 0.359375 0.593596 0.360938 0.593596 0.362500 0.596059 0.364063 0.596059 0.365625 0.598522 0.367188 0.598522 0.368750 0.600985 0.370312 0.600985 0.373437 0.605911 0.375000 0.605911 0.376563 0.608374 0.378125 0.608374 0.379688 0.610837 0.381250 0.608374 0.381250 0.605911 0.376563 0.598522 0.375000 0.598522 0.370312 0.591133 0.368750 0.591133 0.365625 0.586207 0.364063 0.586207 0.359375 0.578818 0.357812 0.578818 0.353125 0.571429 0.351562 0.571429 0.348438 0.566502 0.346875 0.566502 0.342187 0.559113 0.340625 0.559113 0.339062 0.556650 0.337500 0.559113
40 0.879687 0.630542 0.879687 0.635468 0.881250 0.635468 0.884375 0.640394 0.890625 0.640394 0.892188 0.637931 0.892188 0.635468 0.893750 0.633005 0.893750 0.630542 0.892188 0.628079 0.892188 0.625616 0.890625 0.625616 0.889062 0.623153 0.885938 0.623153 0.884375 0.625616 0.882812 0.625616 0.879687 0.630542
40 0.342187 0.689655 0.342187 0.692118 0.343750 0.694581 0.343750 0.699507 0.345313 0.701970 0.345313 0.706897 0.346875 0.709360 0.346875 0.711823 0.348438 0.711823 0.350000 0.714286 0.351562 0.714286 0.353125 0.716749 0.354687 0.716749 0.356250 0.719212 0.359375 0.719212 0.360938 0.721675 0.365625 0.721675 0.367188 0.724138 0.371875 0.724138 0.373437 0.721675 0.373437 0.719212 0.375000 0.716749 0.375000 0.714286 0.376563 0.711823 0.376563 0.699507 0.378125 0.697044 0.378125 0.684729 0.373437 0.677340 0.367188 0.677340 0.365625 0.679803 0.348438 0.679803 0.348438 0.682266 0.343750 0.689655 0.342187 0.689655
