1 0.529167 0.203125 0.431250 0.193750 0.354167 0.226562 0.358333 0.301563 0.335417 0.335938 0.266667 0.403125 0.283333 0.542188 0.214583 0.642188 0.158333 0.759375 0.170833 0.814063 0.181250 0.821875 0.210417 0.967187 0.204167 0.996875 0.491667 0.998437 0.497917 0.779687 0.539583 0.684375 0.547917 0.628125 0.714583 0.625000 0.743750 0.614062 0.695833 0.578125 0.729167 0.575000 0.743750 0.560937 0.627083 0.537500 0.579167 0.548438 0.556250 0.456250 0.510417 0.373437 0.550000 0.318750 0.564583 0.260937 0.529167 0.203125
63 0.010417 0.775000 0.004167 0.982812 0.154167 0.978125 0.172917 0.907813 0.172917 0.900000 0.185417 0.859375 0.183333 0.857812 0.183333 0.846875 0.181250 0.845313 0.177083 0.818750 0.116667 0.795312 0.010417 0.775000
64 0.925000 0.432812 0.925000 0.434375 0.918750 0.440625 0.918750 0.445312 0.916667 0.446875 0.916667 0.453125 0.914583 0.454688 0.914583 0.457813 0.904167 0.467187 0.893750 0.482812 0.879167 0.493750 0.879167 0.495312 0.866667 0.503125 0.866667 0.514062 0.864583 0.515625 0.864583 0.520312 0.866667 0.521875 0.866667 0.529687 0.868750 0.531250 0.868750 0.537500 0.872917 0.543750 0.889583 0.556250 0.889583 0.557813 0.893750 0.557813 0.895833 0.559375 0.904167 0.559375 0.906250 0.560937 0.914583 0.560937 0.916667 0.562500 0.931250 0.562500 0.933333 0.560937 0.952083 0.559375 0.956250 0.557813 0.966667 0.550000 0.968750 0.550000 0.983333 0.529687 0.983333 0.512500 0.985417 0.510938 0.972917 0.482812 0.958333 0.473438 0.954167 0.471875 0.950000 0.471875 0.939583 0.467187 0.933333 0.456250 0.929167 0.453125 0.929167 0.445312 0.927083 0.443750 0.927083 0.434375 0.925000 0.432812
64 0.877083 0.345313 0.864583 0.360938 0.852083 0.370312 0.850000 0.370312 0.841667 0.376563 0.839583 0.376563 0.831250 0.382812 0.829167 0.382812 0.800000 0.404687 0.797917 0.410938 0.795833 0.412500 0.795833 0.415625 0.793750 0.417187 0.793750 0.420312 0.789583 0.425000 0.789583 0.428125 0.787500 0.429688 0.783333 0.442188 0.779167 0.446875 0.808333 0.490625 0.816667 0.490625 0.818750 0.492188 0.825000 0.492188 0.827083 0.493750 0.843750 0.495312 0.845833 0.496875 0.852083 0.496875 0.856250 0.498437 0.900000 0.465625 0.900000 0.459375 0.902083 0.457813 0.902083 0.450000 0.904167 0.448437 0.904167 0.442188 0.906250 0.440625 0.906250 0.432812 0.908333 0.431250 0.908333 0.426563 0.904167 0.421875 0.904167 0.418750 0.900000 0.414062 0.900000 0.410938 0.891667 0.398438 0.891667 0.390625 0.893750 0.389062 0.893750 0.364063 0.877083 0.345313
64 0.964583 0.278125 0.952083 0.315625 0.947917 0.318750 0.939583 0.306250 0.939583 0.315625 0.937500 0.317188 0.904167 0.284375 0.889583 0.289062 0.927083 0.331250 0.935417 0.350000 0.933333 0.353125 0.897917 0.370312 0.900000 0.407813 0.937500 0.437500 0.945833 0.437500 0.997917 0.426563 0.993750 0.357812 0.975000 0.345313 0.977083 0.343750 0.977083 0.337500 0.983333 0.321875 0.983333 0.315625 0.985417 0.314063 0.991667 0.287500 0.964583 0.278125
75 0.787500 0.587500 0.787500 0.582812 0.785417 0.581250 0.785417 0.575000 0.779167 0.575000 0.777083 0.573438 0.775000 0.573438 0.772917 0.575000 0.764583 0.575000 0.762500 0.573438 0.754167 0.573438 0.752083 0.575000 0.741667 0.575000 0.739583 0.576562 0.716667 0.576562 0.714583 0.578125 0.712500 0.576562 0.697917 0.576562 0.697917 0.578125 0.704167 0.582812 0.704167 0.584375 0.725000 0.600000 0.739583 0.600000 0.741667 0.601562 0.743750 0.601562 0.745833 0.600000 0.750000 0.600000 0.750000 0.598437 0.752083 0.596875 0.752083 0.595313 0.756250 0.592187 0.766667 0.592187 0.768750 0.590625 0.783333 0.590625 0.787500 0.587500
84 0.085417 0.259375 0.085417 0.265625 0.083333 0.267188 0.083333 0.282813 0.081250 0.284375 0.081250 0.298438 0.077083 0.301563 0.091667 0.301563 0.093750 0.303125 0.100000 0.303125 0.114583 0.292187 0.116667 0.292187 0.118750 0.290625 0.133333 0.290625 0.133333 0.281250 0.135417 0.279687 0.135417 0.278125 0.131250 0.275000 0.129167 0.275000 0.125000 0.271875 0.122917 0.271875 0.118750 0.268750 0.116667 0.268750 0.112500 0.265625 0.110417 0.265625 0.106250 0.262500 0.104167 0.262500 0.100000 0.259375 0.097917 0.259375 0.095833 0.257812 0.087500 0.257812 0.085417 0.259375
84 0.550000 0.628125 0.550000 0.631250 0.547917 0.632812 0.547917 0.637500 0.543750 0.642188 0.543750 0.668750 0.541667 0.670312 0.541667 0.735938 0.560417 0.735938 0.560417 0.632812 0.558333 0.632812 0.554167 0.629687 0.552083 0.629687 0.550000 0.628125
84 0.158333 0.267188 0.154167 0.267188 0.154167 0.268750 0.152083 0.270313 0.152083 0.275000 0.150000 0.276562 0.150000 0.281250 0.147917 0.282813 0.147917 0.287500 0.150000 0.287500 0.152083 0.289062 0.156250 0.289062 0.156250 0.281250 0.158333 0.279687 0.158333 0.267188
84 0.064583 0.256250 0.062500 0.256250 0.062500 0.267188 0.060417 0.268750 0.060417 0.279687 0.058333 0.281250 0.058333 0.293750 0.056250 0.295312 0.056250 0.300000 0.064583 0.300000 0.064583 0.290625 0.066667 0.289062 0.066667 0.278125 0.068750 0.276562 0.068750 0.267188 0.070833 0.265625 0.070833 0.257812 0.066667 0.257812 0.064583 0.256250
84 0.045833 0.154688 0.043750 0.167187 0.041667 0.168750 0.041667 0.175000 0.039583 0.176563 0.039583 0.182812 0.037500 0.184375 0.037500 0.190625 0.035417 0.192188 0.035417 0.196875 0.033333 0.198437 0.033333 0.204687 0.031250 0.206250 0.031250 0.212500 0.029167 0.214062 0.029167 0.220312 0.027083 0.223438 0.070833 0.223438 0.072917 0.225000 0.206250 0.225000 0.206250 0.218750 0.208333 0.217188 0.208333 0.209375 0.210417 0.207813 0.210417 0.200000 0.212500 0.198437 0.212500 0.192188 0.214583 0.190625 0.214583 0.182812 0.216667 0.181250 0.216667 0.175000 0.218750 0.173437 0.218750 0.165625 0.220833 0.164062 0.220833 0.159375 0.185417 0.159375 0.183333 0.157812 0.129167 0.157812 0.127083 0.156250 0.075000 0.156250 0.072917 0.154688 0.045833 0.154688
84 0.083333 0.256250 0.081250 0.256250 0.079167 0.257812 0.075000 0.257812 0.075000 0.260937 0.072917 0.262500 0.072917 0.271875 0.070833 0.273438 0.070833 0.281250 0.068750 0.282813 0.068750 0.292187 0.066667 0.293750 0.066667 0.300000 0.077083 0.300000 0.079167 0.298438 0.079167 0.284375 0.081250 0.282813 0.081250 0.267188 0.083333 0.265625 0.083333 0.256250
84 0.197917 0.100000 0.177083 0.100000 0.177083 0.107813 0.175000 0.109375 0.175000 0.126562 0.172917 0.128125 0.172917 0.142187 0.179167 0.142187 0.179167 0.140625 0.181250 0.139063 0.181250 0.135937 0.183333 0.134375 0.183333 0.131250 0.185417 0.129688 0.185417 0.126562 0.187500 0.125000 0.187500 0.121875 0.189583 0.120313 0.189583 0.117188 0.191667 0.115625 0.191667 0.112500 0.193750 0.110937 0.193750 0.107813 0.195833 0.106250 0.195833 0.103125 0.197917 0.101562 0.197917 0.100000
