1 0.692187 0.000000 0.679688 0.189583 0.568750 0.204167 0.401562 0.362500 0.332813 0.447917 0.329688 0.491667 0.345313 0.543750 0.375000 0.583333 0.389062 0.579167 0.400000 0.747917 0.464062 0.783333 0.546875 0.797917 0.542188 0.818750 0.551562 0.827083 0.523438 0.885417 0.523438 0.931250 0.545312 0.920833 0.548438 0.897917 0.604688 0.812500 0.615625 0.881250 0.645312 0.889583 0.654687 0.864583 0.673438 0.860417 0.703125 0.787500 0.742188 0.764583 0.754687 0.770833 0.753125 0.789583 0.700000 0.822917 0.757812 0.839583 0.762500 0.893750 0.784375 0.916667 0.998437 0.983333 0.998437 0.283333 0.914062 0.239583 0.939063 0.208333 0.987500 0.220833 0.970313 0.197917 0.979688 0.177083 0.993750 0.002083 0.692187 0.000000
1 0.251563 0.000000 0.246875 0.000000 0.245312 0.002083 0.235937 0.002083 0.234375 0.004167 0.225000 0.004167 0.223438 0.006250 0.214062 0.006250 0.215625 0.008333 0.215625 0.018750 0.217188 0.020833 0.217188 0.029167 0.220312 0.035417 0.220312 0.039583 0.221875 0.041667 0.221875 0.043750 0.223438 0.045833 0.223438 0.047917 0.221875 0.050000 0.221875 0.054167 0.220312 0.056250 0.220312 0.062500 0.218750 0.064583 0.218750 0.066667 0.214062 0.072917 0.214062 0.075000 0.209375 0.081250 0.209375 0.083333 0.204687 0.089583 0.204687 0.091667 0.206250 0.093750 0.206250 0.100000 0.207813 0.102083 0.207813 0.104167 0.209375 0.104167 0.215625 0.112500 0.217188 0.112500 0.218750 0.110417 0.220312 0.110417 0.223438 0.106250 0.225000 0.106250 0.229687 0.100000 0.231250 0.100000 0.235937 0.093750 0.237500 0.093750 0.237500 0.087500 0.239063 0.085417 0.239063 0.052083 0.240625 0.050000 0.240625 0.031250 0.242188 0.029167 0.242188 0.027083 0.243750 0.025000 0.243750 0.022917 0.245312 0.020833 0.245312 0.018750 0.246875 0.016667 0.246875 0.014583 0.248438 0.012500 0.248438 0.010417 0.251563 0.004167 0.251563 0.000000
1 0.114062 0.281250 0.056250 0.354167 0.056250 0.366667 0.046875 0.383333 0.057813 0.427083 0.064062 0.433333 0.070312 0.493750 0.065625 0.508333 0.042188 0.537500 0.043750 0.575000 0.031250 0.581250 0.025000 0.622917 0.009375 0.675000 0.001563 0.725000 0.001563 0.822917 0.275000 0.852083 0.314063 0.831250 0.342187 0.806250 0.392188 0.795833 0.390625 0.750000 0.353125 0.620833 0.310937 0.577083 0.320312 0.572917 0.329688 0.443750 0.320312 0.433333 0.290625 0.433333 0.285938 0.402083 0.275000 0.410417 0.281250 0.352083 0.217188 0.281250 0.165625 0.266667 0.129688 0.270833 0.114062 0.281250
1 0.528125 0.000000 0.526563 0.002083 0.525000 0.016667 0.537500 0.047917 0.554688 0.083333 0.565625 0.091667 0.581250 0.093750 0.585938 0.102083 0.587500 0.120833 0.589063 0.122917 0.589063 0.133333 0.590625 0.135417 0.590625 0.191667 0.646875 0.191667 0.646875 0.172917 0.645312 0.170833 0.645312 0.164583 0.646875 0.162500 0.643750 0.160417 0.645312 0.106250 0.643750 0.104167 0.640625 0.075000 0.634375 0.056250 0.635938 0.052083 0.632812 0.052083 0.628125 0.047917 0.625000 0.047917 0.620313 0.043750 0.617188 0.043750 0.612500 0.039583 0.606250 0.037500 0.600000 0.029167 0.595313 0.018750 0.596875 0.016667 0.596875 0.002083 0.585938 0.002083 0.584375 0.000000 0.528125 0.000000
1 0.434375 0.002083 0.429688 0.014583 0.429688 0.020833 0.412500 0.066667 0.401562 0.154167 0.396875 0.164583 0.406250 0.164583 0.410938 0.168750 0.410938 0.206250 0.401562 0.281250 0.478125 0.285417 0.550000 0.214583 0.585938 0.191667 0.584375 0.122917 0.581250 0.112500 0.553125 0.083333 0.529687 0.033333 0.523438 0.012500 0.434375 0.002083
1 0.431250 0.002083 0.410938 0.002083 0.410938 0.006250 0.412500 0.008333 0.412500 0.018750 0.414062 0.020833 0.414062 0.052083 0.414062 0.050000 0.417187 0.045833 0.417187 0.043750 0.420312 0.039583 0.420312 0.037500 0.423438 0.033333 0.423438 0.031250 0.425000 0.029167 0.425000 0.027083 0.426563 0.025000 0.426563 0.022917 0.428125 0.020833 0.428125 0.014583 0.429688 0.012500 0.429688 0.008333 0.431250 0.006250 0.431250 0.002083
1 0.687500 0.002083 0.685937 0.002083 0.684375 0.004167 0.671875 0.004167 0.670312 0.006250 0.659375 0.006250 0.657813 0.008333 0.646875 0.008333 0.646875 0.016667 0.645312 0.018750 0.645312 0.027083 0.643750 0.029167 0.643750 0.037500 0.642188 0.039583 0.642188 0.047917 0.635938 0.054167 0.635938 0.056250 0.637500 0.058333 0.637500 0.062500 0.639062 0.064583 0.639062 0.068750 0.642188 0.075000 0.642188 0.083333 0.643750 0.085417 0.643750 0.093750 0.645312 0.095833 0.645312 0.104167 0.646875 0.106250 0.646875 0.127083 0.645312 0.129167 0.645312 0.160417 0.653125 0.160417 0.654687 0.162500 0.681250 0.162500 0.681250 0.154167 0.682813 0.152083 0.682813 0.141667 0.684375 0.139583 0.684375 0.068750 0.685937 0.066667 0.685937 0.041667 0.687500 0.039583 0.687500 0.002083
1 0.153125 0.000000 0.071875 0.000000 0.060937 0.014583 0.054688 0.062500 0.035937 0.095833 0.025000 0.122917 0.000000 0.152083 0.000000 0.285417 0.007812 0.277083 0.040625 0.304167 0.042188 0.308333 0.037500 0.318750 0.054688 0.347917 0.054688 0.354167 0.070312 0.333333 0.087500 0.300000 0.114062 0.275000 0.151562 0.264583 0.167187 0.264583 0.193750 0.272917 0.193750 0.256250 0.184375 0.245833 0.193750 0.197917 0.190625 0.189583 0.201563 0.154167 0.195312 0.133333 0.189062 0.127083 0.173437 0.120833 0.167187 0.108333 0.175000 0.100000 0.170313 0.087500 0.171875 0.068750 0.167187 0.043750 0.153125 0.000000
1 0.259375 0.004167 0.250000 0.010417 0.243750 0.027083 0.243750 0.031250 0.242188 0.033333 0.242188 0.050000 0.240625 0.052083 0.240625 0.066667 0.243750 0.075000 0.240625 0.079167 0.239063 0.093750 0.229687 0.104167 0.226562 0.120833 0.220312 0.137500 0.226562 0.150000 0.229687 0.177083 0.254688 0.177083 0.253125 0.175000 0.253125 0.164583 0.254688 0.162500 0.257812 0.162500 0.259375 0.160417 0.281250 0.160417 0.284375 0.164583 0.284375 0.170833 0.285938 0.172917 0.285938 0.179167 0.284375 0.181250 0.285938 0.181250 0.285938 0.166667 0.287500 0.164583 0.298438 0.164583 0.300000 0.162500 0.307812 0.164583 0.306250 0.162500 0.307812 0.152083 0.320312 0.127083 0.323437 0.122917 0.345313 0.108333 0.343750 0.106250 0.343750 0.100000 0.340625 0.089583 0.334375 0.083333 0.326562 0.081250 0.325000 0.079167 0.317188 0.079167 0.315625 0.077083 0.304688 0.077083 0.301563 0.072917 0.300000 0.062500 0.304688 0.056250 0.304688 0.047917 0.301563 0.047917 0.296875 0.041667 0.296875 0.035417 0.295312 0.033333 0.293750 0.022917 0.285938 0.010417 0.273438 0.004167 0.259375 0.004167
1 0.409375 0.002083 0.396875 0.020833 0.395313 0.018750 0.395313 0.000000 0.390625 0.012500 0.390625 0.016667 0.376563 0.052083 0.376563 0.056250 0.371875 0.064583 0.359375 0.100000 0.354687 0.106250 0.343750 0.110417 0.337500 0.116667 0.323437 0.125000 0.315625 0.139583 0.307812 0.162500 0.310937 0.166667 0.315625 0.166667 0.317188 0.168750 0.317188 0.177083 0.328125 0.193750 0.326562 0.168750 0.328125 0.166667 0.342187 0.166667 0.348438 0.160417 0.353125 0.160417 0.354687 0.164583 0.354687 0.158333 0.356250 0.156250 0.381250 0.156250 0.382812 0.158333 0.382812 0.181250 0.390625 0.181250 0.400000 0.154167 0.400000 0.145833 0.403125 0.133333 0.403125 0.122917 0.404687 0.120833 0.404687 0.112500 0.407813 0.100000 0.407813 0.089583 0.410938 0.077083 0.410938 0.066667 0.412500 0.064583 0.410938 0.008333 0.409375 0.002083
47 0.254688 0.164583 0.254688 0.175000 0.256250 0.177083 0.256250 0.179167 0.257812 0.181250 0.257812 0.200000 0.259375 0.202083 0.259375 0.208333 0.270313 0.208333 0.271875 0.206250 0.271875 0.204167 0.273438 0.202083 0.279687 0.202083 0.279687 0.191667 0.281250 0.189583 0.281250 0.170833 0.282813 0.168750 0.282813 0.164583 0.281250 0.162500 0.259375 0.162500 0.257812 0.164583 0.254688 0.164583
47 0.328125 0.168750 0.328125 0.179167 0.329688 0.181250 0.329688 0.197917 0.357812 0.197917 0.357812 0.195833 0.356250 0.193750 0.356250 0.175000 0.354687 0.172917 0.354687 0.168750 0.328125 0.168750
47 0.356250 0.158333 0.356250 0.166667 0.357812 0.168750 0.357812 0.187500 0.359375 0.189583 0.359375 0.204167 0.379688 0.204167 0.379688 0.191667 0.381250 0.189583 0.381250 0.158333 0.356250 0.158333
47 0.315625 0.168750 0.310937 0.168750 0.309375 0.166667 0.303125 0.166667 0.301563 0.164583 0.300000 0.164583 0.298438 0.166667 0.287500 0.166667 0.287500 0.195833 0.289062 0.197917 0.289062 0.202083 0.290625 0.202083 0.292187 0.200000 0.314063 0.200000 0.314063 0.197917 0.315625 0.195833 0.315625 0.168750
48 0.514062 0.895833 0.506250 0.895833 0.504687 0.897917 0.503125 0.897917 0.498437 0.904167 0.496875 0.904167 0.492188 0.910417 0.490625 0.910417 0.484375 0.918750 0.484375 0.920833 0.482812 0.922917 0.482812 0.925000 0.481250 0.927083 0.481250 0.929167 0.478125 0.933333 0.478125 0.935417 0.476562 0.937500 0.476562 0.939583 0.475000 0.941667 0.475000 0.943750 0.470313 0.950000 0.470313 0.952083 0.465625 0.958333 0.465625 0.960417 0.464062 0.962500 0.464062 0.966667 0.460938 0.972917 0.465625 0.972917 0.467187 0.975000 0.464062 0.981250 0.465625 0.981250 0.467187 0.979167 0.468750 0.981250 0.468750 0.983333 0.465625 0.987500 0.465625 0.989583 0.464062 0.991667 0.464062 0.993750 0.465625 0.993750 0.467187 0.995833 0.465625 0.997917 0.467187 0.995833 0.467187 0.993750 0.470313 0.989583 0.470313 0.987500 0.473438 0.983333 0.473438 0.981250 0.476562 0.977083 0.476562 0.975000 0.479687 0.970833 0.479687 0.968750 0.481250 0.966667 0.481250 0.964583 0.487500 0.956250 0.489063 0.956250 0.498437 0.943750 0.500000 0.943750 0.504687 0.937500 0.507812 0.937500 0.509375 0.935417 0.514062 0.935417 0.515625 0.933333 0.518750 0.933333 0.518750 0.931250 0.517188 0.929167 0.517188 0.925000 0.515625 0.922917 0.515625 0.918750 0.517188 0.916667 0.517188 0.914583 0.515625 0.912500 0.515625 0.910417 0.512500 0.906250 0.512500 0.897917 0.514062 0.895833 0.614062 0.879167 0.612500 0.877083 0.612500 0.875000 0.610938 0.872917 0.610938 0.870833 0.607812 0.866667 0.607812 0.864583 0.604688 0.860417 0.601562 0.864583 0.600000 0.864583 0.598437 0.866667 0.596875 0.866667 0.593750 0.870833 0.592187 0.870833 0.589063 0.875000 0.587500 0.875000 0.584375 0.879167 0.582812 0.879167 0.581250 0.881250 0.579688 0.881250 0.578125 0.883333 0.576562 0.883333 0.575000 0.885417 0.573438 0.885417 0.571875 0.887500 0.570312 0.887500 0.568750 0.889583 0.567187 0.889583 0.565625 0.891667 0.564063 0.891667 0.562500 0.893750 0.559375 0.893750 0.557813 0.895833 0.553125 0.895833 0.551562 0.897917 0.550000 0.897917 0.550000 0.900000 0.548438 0.902083 0.548438 0.904167 0.546875 0.906250 0.546875 0.910417 0.545312 0.912500 0.545312 0.914583 0.550000 0.914583 0.551562 0.912500 0.553125 0.912500 0.554688 0.910417 0.557813 0.910417 0.559375 0.908333 0.562500 0.908333 0.564063 0.906250 0.567187 0.906250 0.568750 0.904167 0.570312 0.904167 0.571875 0.902083 0.573438 0.902083 0.576562 0.897917 0.578125 0.897917 0.579688 0.895833 0.581250 0.895833 0.582812 0.893750 0.584375 0.893750 0.585938 0.891667 0.587500 0.891667 0.589063 0.889583 0.590625 0.889583 0.593750 0.885417 0.595313 0.885417 0.596875 0.883333 0.601562 0.883333 0.603125 0.881250 0.607812 0.881250 0.609375 0.879167 0.614062 0.879167 0.643750 0.837500 0.642188 0.839583 0.642188 0.841667 0.639062 0.845833 0.637500 0.845833 0.637500 0.847917 0.635938 0.850000 0.635938 0.852083 0.640625 0.858333 0.643750 0.858333 0.642188 0.856250 0.642188 0.843750 0.643750 0.841667 0.643750 0.837500 0.753125 0.770833 0.751563 0.768750 0.743750 0.768750 0.742188 0.766667 0.734375 0.766667 0.732812 0.768750 0.731250 0.768750 0.729688 0.770833 0.728125 0.770833 0.726562 0.772917 0.725000 0.772917 0.723437 0.775000 0.721875 0.775000 0.720313 0.777083 0.718750 0.777083 0.717187 0.779167 0.715625 0.779167 0.712500 0.783333 0.710938 0.783333 0.709375 0.785417 0.707812 0.785417 0.704688 0.789583 0.703125 0.789583 0.703125 0.791667 0.700000 0.795833 0.700000 0.797917 0.696875 0.802083 0.696875 0.804167 0.693750 0.808333 0.693750 0.810417 0.690625 0.814583 0.690625 0.816667 0.689063 0.818750 0.689063 0.820833 0.685937 0.825000 0.685937 0.831250 0.687500 0.829167 0.689063 0.829167 0.690625 0.827083 0.692187 0.827083 0.695312 0.822917 0.696875 0.822917 0.698438 0.820833 0.700000 0.820833 0.701562 0.818750 0.703125 0.818750 0.704688 0.816667 0.706250 0.816667 0.707812 0.814583 0.709375 0.814583 0.710938 0.812500 0.712500 0.812500 0.714063 0.810417 0.715625 0.810417 0.717187 0.808333 0.718750 0.808333 0.720313 0.806250 0.721875 0.806250 0.723437 0.804167 0.725000 0.804167 0.726562 0.802083 0.728125 0.802083 0.729688 0.800000 0.731250 0.800000 0.732812 0.797917 0.734375 0.797917 0.735938 0.795833 0.737500 0.795833 0.739062 0.793750 0.742188 0.793750 0.743750 0.791667 0.748437 0.791667 0.750000 0.789583 0.751563 0.789583 0.751563 0.787500 0.753125 0.785417 0.753125 0.783333 0.754687 0.781250 0.754687 0.775000 0.753125 0.772917 0.753125 0.770833
49 0.429688 0.758333 0.428125 0.762500 0.428125 0.795833 0.429688 0.797917 0.429688 0.808333 0.431250 0.810417 0.431250 0.820833 0.432812 0.822917 0.432812 0.833333 0.434375 0.835417 0.434375 0.847917 0.435937 0.850000 0.435937 0.860417 0.437500 0.862500 0.437500 0.872917 0.439063 0.875000 0.439063 0.885417 0.440625 0.887500 0.440625 0.897917 0.442188 0.900000 0.442188 0.912500 0.443750 0.914583 0.443750 0.925000 0.445312 0.927083 0.445312 0.937500 0.446875 0.939583 0.446875 0.950000 0.448437 0.952083 0.448437 0.962500 0.450000 0.964583 0.450000 0.975000 0.451562 0.977083 0.451562 0.989583 0.453125 0.989583 0.453125 0.972917 0.451562 0.970833 0.451562 0.956250 0.450000 0.954167 0.450000 0.941667 0.448437 0.939583 0.448437 0.927083 0.446875 0.925000 0.446875 0.910417 0.445312 0.908333 0.445312 0.895833 0.443750 0.893750 0.443750 0.881250 0.442188 0.879167 0.442188 0.864583 0.440625 0.862500 0.440625 0.850000 0.439063 0.847917 0.439063 0.835417 0.437500 0.833333 0.437500 0.818750 0.435937 0.816667 0.435937 0.804167 0.434375 0.802083 0.434375 0.789583 0.432812 0.787500 0.432812 0.775000 0.431250 0.772917 0.429688 0.758333
59 0.739062 0.985417 0.703125 0.916667 0.673438 0.885417 0.665625 0.885417 0.642188 0.893750 0.635938 0.893750 0.623437 0.885417 0.615625 0.885417 0.582812 0.895833 0.567187 0.908333 0.559375 0.910417 0.548438 0.929167 0.542188 0.935417 0.526563 0.935417 0.525000 0.937500 0.509375 0.937500 0.506250 0.939583 0.475000 0.981250 0.475000 0.983333 0.478125 0.981250 0.532813 0.981250 0.534375 0.983333 0.739062 0.985417 0.595313 0.829167 0.590625 0.835417 0.590625 0.837500 0.581250 0.850000 0.581250 0.852083 0.571875 0.864583 0.571875 0.866667 0.562500 0.879167 0.562500 0.881250 0.556250 0.889583 0.557813 0.887500 0.559375 0.887500 0.560937 0.885417 0.562500 0.885417 0.564063 0.883333 0.565625 0.883333 0.567187 0.881250 0.568750 0.881250 0.570312 0.879167 0.573438 0.879167 0.575000 0.877083 0.576562 0.877083 0.578125 0.875000 0.579688 0.875000 0.581250 0.872917 0.582812 0.872917 0.584375 0.870833 0.585938 0.870833 0.587500 0.868750 0.589063 0.868750 0.590625 0.866667 0.593750 0.866667 0.595313 0.864583 0.596875 0.864583 0.598437 0.862500 0.600000 0.862500 0.601562 0.860417 0.603125 0.860417 0.603125 0.856250 0.601562 0.854167 0.601562 0.850000 0.600000 0.847917 0.600000 0.843750 0.598437 0.841667 0.598437 0.837500 0.596875 0.835417 0.596875 0.831250 0.595313 0.829167 0.431250 0.825000 0.354687 0.841667 0.260937 0.893750 0.214062 0.983333 0.353125 0.985417 0.354687 0.983333 0.446875 0.977083 0.442188 0.914583 0.440625 0.912500 0.440625 0.900000 0.439063 0.897917 0.431250 0.825000 0.548438 0.822917 0.545312 0.822917 0.537500 0.816667 0.521875 0.816667 0.520312 0.818750 0.493750 0.818750 0.492188 0.820833 0.464062 0.820833 0.462500 0.822917 0.443750 0.822917 0.442188 0.829167 0.443750 0.831250 0.445312 0.893750 0.446875 0.895833 0.446875 0.908333 0.448437 0.910417 0.448437 0.925000 0.450000 0.927083 0.450000 0.939583 0.451562 0.941667 0.451562 0.954167 0.453125 0.956250 0.454688 0.983333 0.459375 0.983333 0.459375 0.972917 0.460938 0.970833 0.460938 0.962500 0.462500 0.960417 0.462500 0.947917 0.464062 0.945833 0.464062 0.937500 0.479687 0.927083 0.482812 0.918750 0.490625 0.908333 0.492188 0.908333 0.503125 0.895833 0.506250 0.893750 0.514062 0.893750 0.515625 0.895833 0.514062 0.897917 0.514062 0.902083 0.514062 0.900000 0.523438 0.883333 0.525000 0.877083 0.537500 0.854167 0.539062 0.847917 0.550000 0.827083 0.548438 0.822917
62 0.218750 0.279167 0.282813 0.352083 0.282813 0.364583 0.284375 0.366667 0.284375 0.379167 0.285938 0.381250 0.285938 0.393750 0.287500 0.395833 0.287500 0.408333 0.289062 0.410417 0.290625 0.431250 0.320312 0.431250 0.331250 0.441667 0.334375 0.441667 0.360938 0.404167 0.362500 0.400000 0.362500 0.385417 0.364063 0.383333 0.364063 0.366667 0.365625 0.364583 0.367188 0.333333 0.368750 0.331250 0.368750 0.295833 0.370312 0.293750 0.370312 0.283333 0.368750 0.281250 0.364063 0.281250 0.362500 0.279167 0.218750 0.279167
62 0.646875 0.164583 0.646875 0.170833 0.648438 0.172917 0.648438 0.181250 0.650000 0.183333 0.650000 0.189583 0.651563 0.189583 0.653125 0.187500 0.671875 0.187500 0.671875 0.183333 0.675000 0.179167 0.678125 0.179167 0.679688 0.177083 0.679688 0.164583 0.646875 0.164583
62 0.007812 0.279167 0.000000 0.287500 0.001563 0.468750 0.003125 0.470833 0.003125 0.610417 0.004687 0.612500 0.004687 0.625000 0.021875 0.629167 0.026562 0.579167 0.042188 0.575000 0.040625 0.537500 0.064062 0.508333 0.068750 0.493750 0.068750 0.487500 0.064062 0.472917 0.062500 0.433333 0.050000 0.420833 0.043750 0.385417 0.043750 0.379167 0.054688 0.352083 0.035937 0.318750 0.035937 0.314583 0.040625 0.306250 0.007812 0.279167
62 0.510938 0.458333 0.509375 0.460417 0.507812 0.460417 0.504687 0.464583 0.503125 0.464583 0.501563 0.466667 0.500000 0.466667 0.496875 0.470833 0.495312 0.470833 0.492188 0.475000 0.490625 0.475000 0.489063 0.477083 0.487500 0.477083 0.484375 0.481250 0.482812 0.481250 0.479687 0.485417 0.478125 0.485417 0.476562 0.487500 0.475000 0.487500 0.473438 0.489583 0.473438 0.502083 0.475000 0.504167 0.475000 0.510417 0.476562 0.512500 0.476562 0.514583 0.478125 0.516667 0.478125 0.518750 0.479687 0.520833 0.479687 0.522917 0.482812 0.527083 0.482812 0.529167 0.484375 0.531250 0.504687 0.531250 0.504687 0.516667 0.503125 0.514583 0.503125 0.485417 0.504687 0.483333 0.504687 0.479167 0.506250 0.477083 0.506250 0.472917 0.507812 0.470833 0.507812 0.466667 0.509375 0.464583 0.509375 0.460417 0.510938 0.458333 0.381250 0.375000 0.382812 0.375000 0.385937 0.370833 0.387500 0.370833 0.389062 0.368750 0.390625 0.368750 0.392188 0.366667 0.396875 0.364583 0.400000 0.360417 0.404687 0.358333 0.407813 0.354167 0.412500 0.352083 0.415625 0.347917 0.417187 0.347917 0.418750 0.345833 0.420312 0.345833 0.423438 0.341667 0.425000 0.341667 0.443750 0.316667 0.445312 0.316667 0.450000 0.310417 0.451562 0.310417 0.456250 0.304167 0.457813 0.304167 0.462500 0.297917 0.464062 0.297917 0.467187 0.293750 0.453125 0.293750 0.451562 0.291667 0.432812 0.291667 0.431250 0.289583 0.414062 0.289583 0.412500 0.287500 0.396875 0.287500 0.396875 0.291667 0.395313 0.293750 0.395313 0.302083 0.393750 0.304167 0.393750 0.310417 0.392188 0.312500 0.392188 0.318750 0.390625 0.320833 0.390625 0.327083 0.389062 0.329167 0.389062 0.335417 0.387500 0.337500 0.387500 0.345833 0.385937 0.347917 0.385937 0.354167 0.384375 0.356250 0.384375 0.362500 0.382812 0.364583 0.382812 0.370833 0.381250 0.372917 0.381250 0.375000
67 0.915625 0.237500 0.915625 0.239583 0.917188 0.239583 0.918750 0.241667 0.921875 0.241667 0.923438 0.243750 0.926562 0.243750 0.931250 0.247917 0.934375 0.247917 0.935937 0.250000 0.939063 0.250000 0.943750 0.254167 0.946875 0.254167 0.948438 0.256250 0.951562 0.256250 0.953125 0.258333 0.954688 0.258333 0.956250 0.260417 0.957812 0.260417 0.959375 0.262500 0.960938 0.262500 0.962500 0.264583 0.964063 0.264583 0.968750 0.268750 0.971875 0.268750 0.976562 0.272917 0.981250 0.272917 0.982812 0.275000 0.985938 0.275000 0.987500 0.277083 0.990625 0.277083 0.992188 0.279167 0.995313 0.279167 0.996875 0.281250 0.998437 0.281250 0.998437 0.241667 0.996875 0.239583 0.996875 0.229167 0.995313 0.227083 0.993750 0.227083 0.992188 0.225000 0.990625 0.225000 0.989062 0.222917 0.987500 0.222917 0.984375 0.218750 0.979688 0.218750 0.978125 0.216667 0.971875 0.216667 0.970313 0.214583 0.964063 0.214583 0.962500 0.212500 0.957812 0.212500 0.956250 0.210417 0.939063 0.210417 0.932813 0.218750 0.931250 0.218750 0.923438 0.229167 0.921875 0.229167 0.915625 0.237500
67 0.504687 0.939583 0.500000 0.945833 0.498437 0.945833 0.489063 0.958333 0.487500 0.958333 0.482812 0.964583 0.482812 0.966667 0.481250 0.968750 0.481250 0.970833 0.504687 0.939583 0.479687 0.929167 0.478125 0.929167 0.476562 0.931250 0.475000 0.931250 0.473438 0.933333 0.471875 0.933333 0.470313 0.935417 0.468750 0.935417 0.467187 0.937500 0.465625 0.937500 0.465625 0.945833 0.464062 0.947917 0.464062 0.960417 0.462500 0.962500 0.462500 0.966667 0.462500 0.962500 0.464062 0.960417 0.464062 0.958333 0.468750 0.952083 0.468750 0.950000 0.473438 0.943750 0.473438 0.941667 0.475000 0.939583 0.475000 0.937500 0.476562 0.935417 0.476562 0.933333 0.479687 0.929167 0.556250 0.912500 0.554688 0.912500 0.553125 0.914583 0.551562 0.914583 0.548438 0.918750 0.548438 0.920833 0.546875 0.922917 0.546875 0.925000 0.542188 0.931250 0.540625 0.931250 0.539062 0.933333 0.528125 0.933333 0.542188 0.933333 0.543750 0.931250 0.545312 0.931250 0.546875 0.929167 0.546875 0.927083 0.556250 0.914583 0.556250 0.912500 0.521875 0.887500 0.521875 0.889583 0.518750 0.893750 0.518750 0.895833 0.515625 0.900000 0.515625 0.902083 0.514062 0.904167 0.514062 0.906250 0.517188 0.910417 0.517188 0.912500 0.518750 0.914583 0.518750 0.916667 0.517188 0.918750 0.517188 0.922917 0.518750 0.925000 0.518750 0.929167 0.520312 0.931250 0.520312 0.933333 0.518750 0.935417 0.515625 0.935417 0.525000 0.935417 0.523438 0.935417 0.521875 0.933333 0.521875 0.887500 0.998437 0.985417 0.778125 0.918750 0.723437 0.916667 0.682813 0.875000 0.659375 0.885417 0.673438 0.883333 0.701562 0.912500 0.739062 0.987500 0.478125 0.983333 0.467187 0.997917 0.465625 0.975000 0.450000 0.989583 0.445312 0.939583 0.446875 0.979167 0.214062 0.985417 0.250000 0.912500 0.200000 0.985417 0.020313 0.981250 0.010937 0.966667 0.006250 0.885417 0.007812 0.997917 0.996875 0.995833 0.998437 0.985417 0.595313 0.866667 0.593750 0.868750 0.590625 0.868750 0.589063 0.870833 0.587500 0.870833 0.585938 0.872917 0.584375 0.872917 0.582812 0.875000 0.581250 0.875000 0.579688 0.877083 0.578125 0.877083 0.576562 0.879167 0.575000 0.879167 0.573438 0.881250 0.570312 0.881250 0.568750 0.883333 0.567187 0.883333 0.560937 0.891667 0.562500 0.891667 0.564063 0.889583 0.565625 0.889583 0.567187 0.887500 0.568750 0.887500 0.570312 0.885417 0.571875 0.885417 0.573438 0.883333 0.575000 0.883333 0.576562 0.881250 0.578125 0.881250 0.579688 0.879167 0.581250 0.879167 0.582812 0.877083 0.584375 0.877083 0.587500 0.872917 0.589063 0.872917 0.592187 0.868750 0.593750 0.868750 0.595313 0.866667 0.428125 0.797917 0.426563 0.795833 0.425000 0.797917 0.414062 0.800000 0.407813 0.804167 0.403125 0.804167 0.396875 0.808333 0.392188 0.808333 0.390625 0.810417 0.382812 0.812500 0.378125 0.816667 0.375000 0.816667 0.370312 0.820833 0.367188 0.820833 0.362500 0.825000 0.359375 0.825000 0.354687 0.829167 0.351562 0.829167 0.346875 0.833333 0.343750 0.833333 0.339062 0.837500 0.335938 0.837500 0.331250 0.841667 0.328125 0.841667 0.326562 0.843750 0.323437 0.843750 0.321875 0.845833 0.318750 0.845833 0.317188 0.847917 0.314063 0.847917 0.312500 0.850000 0.309375 0.850000 0.307812 0.852083 0.304688 0.852083 0.303125 0.854167 0.300000 0.854167 0.298438 0.856250 0.285938 0.860417 0.278125 0.868750 0.278125 0.870833 0.265625 0.887500 0.265625 0.889583 0.278125 0.881250 0.281250 0.881250 0.285938 0.877083 0.289062 0.877083 0.296875 0.870833 0.300000 0.870833 0.304688 0.866667 0.307812 0.866667 0.312500 0.862500 0.315625 0.862500 0.323437 0.856250 0.326562 0.856250 0.331250 0.852083 0.334375 0.852083 0.342187 0.845833 0.345313 0.845833 0.354687 0.839583 0.360938 0.839583 0.362500 0.837500 0.370312 0.837500 0.371875 0.835417 0.378125 0.835417 0.379688 0.833333 0.387500 0.833333 0.389062 0.831250 0.396875 0.831250 0.398438 0.829167 0.404687 0.829167 0.406250 0.827083 0.414062 0.827083 0.415625 0.825000 0.431250 0.822917 0.429688 0.820833 0.428125 0.797917 0.442188 0.862500 0.442188 0.831250 0.440625 0.829167 0.440625 0.827083 0.443750 0.820833 0.462500 0.820833 0.464062 0.818750 0.492188 0.818750 0.493750 0.816667 0.520312 0.816667 0.521875 0.814583 0.537500 0.814583 0.539062 0.816667 0.542188 0.816667 0.546875 0.806250 0.545312 0.804167 0.542188 0.804167 0.540625 0.802083 0.537500 0.802083 0.535937 0.800000 0.532813 0.800000 0.531250 0.797917 0.528125 0.797917 0.526563 0.795833 0.515625 0.795833 0.514062 0.793750 0.498437 0.793750 0.496875 0.791667 0.482812 0.791667 0.481250 0.789583 0.470313 0.789583 0.468750 0.787500 0.456250 0.787500 0.454688 0.785417 0.453125 0.787500 0.448437 0.787500 0.446875 0.789583 0.442188 0.789583 0.440625 0.791667 0.437500 0.791667 0.435937 0.793750 0.435937 0.802083 0.437500 0.804167 0.437500 0.816667 0.439063 0.818750 0.439063 0.833333 0.440625 0.835417 0.440625 0.847917 0.442188 0.850000 0.442188 0.862500
67 0.198437 0.170833 0.185938 0.247917 0.225000 0.277083 0.362500 0.277083 0.371875 0.283333 0.370312 0.312500 0.392188 0.310417 0.395313 0.287500 0.400000 0.285417 0.409375 0.206250 0.409375 0.168750 0.396875 0.166667 0.390625 0.183333 0.382812 0.183333 0.379688 0.206250 0.359375 0.206250 0.357812 0.200000 0.329688 0.200000 0.317188 0.179167 0.317188 0.195833 0.314063 0.202083 0.289062 0.204167 0.285938 0.195833 0.285938 0.183333 0.282813 0.181250 0.284375 0.179167 0.282813 0.170833 0.281250 0.202083 0.273438 0.204167 0.270313 0.210417 0.257812 0.208333 0.254688 0.179167 0.229687 0.179167 0.226562 0.166667 0.206250 0.166667 0.198437 0.170833 0.343750 0.166667 0.354687 0.166667 0.356250 0.168750 0.356250 0.172917 0.356250 0.168750 0.353125 0.164583 0.353125 0.162500 0.348438 0.162500 0.346875 0.164583 0.345313 0.164583 0.343750 0.166667
